timestamp,lowest_bensin,highest_bensin,bensin_diff,lowest_diesel,highest_diesel,diesel_diff
2016-04-19T00:27,183.3,201.7,18.4,165.8,187.3,21.5
2016-04-19T00:30,183.3,201.7,18.4,165.8,187.3,21.5
2016-04-25T11:15,183.3,201.7,18.4,165.8,187.3,21.5
2016-04-25T12:45,183.3,204.7,21.4,165.8,190.3,24.5
2016-04-25T13:45,183.3,204.7,21.4,165.8,190.3,24.5
2016-04-25T14:00,183.3,204.7,21.4,165.8,190.3,24.5
2016-04-25T14:15,183.3,204.7,21.4,165.8,190.3,24.5
2016-04-26T11:00,183.3,204.7,21.4,165.8,190.3,24.5
2016-04-26T11:30,186.3,204.7,18.4,168.8,190.3,21.5
2016-04-26T11:45,186.3,204.7,18.4,168.8,190.3,21.5
2016-05-12T12:30,186.3,204.7,18.4,168.8,190.3,21.5
2016-05-17T09:00,186.3,204.7,18.4,168.8,190.3,21.5
2016-05-17T10:00,186.3,204.7,18.4,168.8,190.3,21.5
2016-05-17T15:45,186.3,204.7,18.4,168.8,190.3,21.5
2016-05-17T16:00,186.3,204.7,18.4,168.8,190.3,21.5
2016-05-17T16:15,186.3,204.7,18.4,171.8,190.3,18.5
2016-05-17T16:30,186.3,207.7,21.4,171.8,192.3,20.5
2016-05-18T09:00,186.3,207.7,21.4,171.8,192.3,20.5
2016-05-18T09:15,186.3,207.7,21.4,171.8,192.3,20.5
2016-05-18T09:30,186.3,207.7,21.4,171.8,192.3,20.5
2016-05-18T11:15,189.3,207.7,18.4,171.8,192.3,20.5
2016-05-25T13:15,188.3,207.7,19.4,171.8,192.3,20.5
2016-05-26T20:00,187.3,207.7,20.4,170.8,192.3,21.5
2016-05-27T09:30,187.3,207.7,20.4,170.8,192.3,21.5
2016-05-27T09:45,187.3,207.7,20.4,170.8,192.3,21.5
2016-05-27T10:30,187.3,207.7,20.4,170.8,192.3,21.5
2016-05-27T13:30,187.3,207.7,20.4,170.8,192.3,21.5
2016-05-27T15:15,187.3,207.7,20.4,170.8,192.3,21.5
2016-05-28T10:15,187.3,207.7,20.4,170.8,192.3,21.5
2016-05-28T11:45,187.3,207.7,20.4,170.8,192.3,21.5
2016-05-28T13:45,187.3,210.8,23.5,170.8,195.4,24.6
2016-05-29T17:30,187.3,210.8,23.5,170.8,195.4,24.6
2016-05-30T08:45,187.3,210.8,23.5,170.8,195.4,24.6
2016-05-30T12:00,187.3,210.8,23.5,170.8,195.4,24.6
2016-05-31T09:45,187.3,210.8,23.5,170.8,195.4,24.6
2016-05-31T10:15,187.3,210.5,23.2,170.8,193.4,22.6
2016-05-31T11:15,187.3,210.5,23.2,170.8,193.4,22.6
2016-06-02T09:00,187.3,210.5,23.2,170.8,193.4,22.6
2016-06-02T13:00,187.3,210.5,23.2,170.8,193.4,22.6
2016-06-03T15:30,187.3,210.5,23.2,170.8,193.4,22.6
2016-06-03T15:45,190.7,210.5,19.8,171.7,193.4,21.7
2016-06-03T16:15,190.7,210.5,19.8,171.7,193.4,21.7
2016-06-05T14:00,174.7,211.5,36.8,173.7,196.4,22.7
2016-06-05T16:00,174.7,211.5,36.8,172.7,196.4,23.7
2016-06-06T10:00,174.7,211.5,36.8,172.7,196.4,23.7
2016-06-06T17:00,190.7,211.5,20.8,172.7,196.4,23.7
2016-06-06T18:15,190.7,211.5,20.8,172.7,196.4,23.7
2016-06-15T02:30,190.7,211.5,20.8,172.7,196.4,23.7
2016-06-20T15:45,190.7,211.5,20.8,172.7,196.4,23.7
2016-06-20T16:15,190.7,210.8,20.1,172.7,193.4,20.7
2016-06-21T09:15,190.7,210.8,20.1,172.7,193.4,20.7
2016-06-28T16:30,190.7,210.8,20.1,172.7,193.4,20.7
2016-06-29T15:30,190.7,210.8,20.1,172.7,193.4,20.7
2016-07-01T09:15,190.7,210.8,20.1,172.7,193.4,20.7
2016-07-01T11:30,190.7,210.8,20.1,172.7,193.4,20.7
2016-07-01T16:00,190.7,210.8,20.1,172.7,193.4,20.7
2016-07-06T18:15,190.7,208.6,17.9,173.7,192.9,19.2
2016-07-11T17:00,190.7,208.6,17.9,173.7,192.9,19.2
2016-07-11T17:15,190.7,208.6,17.9,173.7,192.9,19.2
2016-07-11T18:30,190.7,208.6,17.9,173.7,192.9,19.2
2016-07-12T09:15,190.7,208.6,17.9,173.7,192.9,19.2
2016-07-13T11:00,190.7,208.6,17.9,173.7,192.9,19.2
2016-07-13T11:15,190.7,205.8,15.1,173.7,191.9,18.2
2016-07-14T10:45,190.7,205.8,15.1,173.7,191.9,18.2
2016-07-14T11:00,190.7,205.8,15.1,173.7,191.9,18.2
2016-07-14T11:30,190.3,205.8,15.5,175.5,191.9,16.4
2016-07-14T11:45,190.3,205.8,15.5,173.7,191.9,18.2
2016-07-14T12:00,190.3,205.8,15.5,173.7,191.9,18.2
2016-07-14T16:30,190.3,205.8,15.5,173.7,191.9,18.2
2016-07-21T13:45,190.3,205.8,15.5,173.7,191.9,18.2
2016-07-21T16:15,190.3,204.8,14.5,173.7,191.9,18.2
2016-07-21T16:30,190.3,204.8,14.5,173.7,191.9,18.2
2016-07-21T19:15,190.3,204.8,14.5,173.7,191.9,18.2
2016-07-26T11:15,187.3,204.8,17.5,173.7,191.9,18.2
2016-07-26T11:30,187.3,204.8,17.5,173.7,191.9,18.2
2016-07-26T12:00,187.3,204.8,17.5,173.7,191.9,18.2
2016-07-26T14:15,187.3,204.8,17.5,173.7,191.9,18.2
2016-07-26T14:30,187.3,204.8,17.5,173.7,191.9,18.2
2016-07-26T15:15,187.3,200.8,13.5,173.7,189.9,16.2
2016-07-26T16:00,187.3,200.8,13.5,173.7,189.9,16.2
2016-07-26T18:30,187.3,200.8,13.5,173.7,189.8,16.1
2016-07-28T12:30,186.1,200.8,14.7,173.6,189.8,16.2
2016-07-28T12:45,186.9,200.8,13.9,174.4,189.8,15.4
2016-08-02T09:30,186.9,200.8,13.9,174.4,189.8,15.4
2016-08-02T09:45,186.9,200.8,13.9,174.4,189.8,15.4
2016-08-02T10:15,184.3,200.8,16.5,172.4,189.8,17.4
2016-08-02T10:45,184.3,200.8,16.5,172.4,189.8,17.4
2016-08-02T11:00,184.3,200.8,16.5,172.4,189.8,17.4
2016-08-02T13:30,184.3,200.8,16.5,172.4,189.8,17.4
2016-08-02T16:00,184.3,198.8,14.5,172.4,187.8,15.4
2016-08-05T00:30,184.3,198.8,14.5,172.4,187.8,15.4
2016-08-06T13:15,184.3,198.8,14.5,172.4,187.8,15.4
2016-08-12T13:45,184.3,198.8,14.5,172.4,187.8,15.4
2016-08-18T11:30,184.3,198.8,14.5,172.4,187.8,15.4
2016-08-19T14:30,184.3,198.8,14.5,172.4,187.8,15.4
2016-08-19T16:30,184.3,200.8,16.5,172.4,191.8,19.4
2016-08-25T18:45,184.3,200.8,16.5,172.4,191.8,19.4
2016-09-02T11:15,174.8,200.8,26.0,163.3,191.8,28.5
2016-09-03T02:15,184.3,200.8,16.5,172.4,191.8,19.4
2016-09-03T08:30,184.3,200.8,16.5,172.4,191.8,19.4
2016-09-07T16:00,183.2,200.8,17.6,171.3,191.8,20.5
2016-09-07T18:30,183.2,198.8,15.6,171.3,189.8,18.5
2016-09-08T14:30,184.3,198.8,14.5,172.4,189.8,17.4
2016-09-14T10:00,183.8,198.8,15.0,171.9,189.8,17.9
2016-09-23T13:00,183.8,198.8,15.0,171.9,189.8,17.9
2016-09-24T12:00,183.8,198.8,15.0,171.9,189.8,17.9
2016-09-27T12:45,183.8,198.8,15.0,171.9,189.8,17.9
2016-09-27T23:45,183.8,194.8,11.0,171.9,183.9,12.0
2016-09-28T01:00,183.8,194.8,11.0,171.9,183.9,12.0
2016-09-29T13:15,183.8,194.7,10.9,171.9,183.9,12.0
2016-10-04T13:15,183.8,194.7,10.9,171.9,185.8,13.9
2016-10-04T14:45,183.8,194.7,10.9,171.9,185.8,13.9
2016-10-04T15:00,183.8,194.7,10.9,171.9,185.8,13.9
2016-10-05T10:15,183.8,195.7,11.9,171.9,185.9,14.0
2016-10-05T16:15,184.3,195.7,11.4,172.4,185.9,13.5
2016-10-06T06:15,184.3,195.7,11.4,172.4,185.9,13.5
2016-10-06T08:30,184.3,195.7,11.4,172.4,185.9,13.5
2016-10-06T09:30,184.8,195.7,10.9,173.9,185.9,12.0
2016-10-06T10:00,184.8,195.7,10.9,173.3,185.9,12.6
2016-10-12T09:15,184.8,195.7,10.9,173.3,185.9,12.6
2016-10-12T16:15,184.8,195.7,10.9,173.3,185.9,12.6
2016-10-12T16:30,184.8,195.7,10.9,173.3,185.9,12.6
2016-10-14T10:45,184.8,195.7,10.9,173.9,187.8,13.9
2016-10-14T13:30,184.8,195.7,10.9,173.9,187.8,13.9
2016-10-14T14:15,184.8,195.7,10.9,173.9,187.8,13.9
2016-10-14T14:30,184.8,195.7,10.9,173.9,187.8,13.9
2016-10-14T15:00,184.8,195.7,10.9,173.9,187.8,13.9
2016-10-17T08:30,184.8,195.7,10.9,173.9,187.8,13.9
2016-10-17T09:15,184.8,195.7,10.9,173.9,187.8,13.9
2016-10-18T16:00,184.8,195.7,10.9,173.9,187.8,13.9
2016-10-20T10:00,184.8,195.8,11.0,173.9,189.8,15.9
2016-10-21T14:30,184.8,195.8,11.0,173.9,189.8,15.9
2016-10-21T14:45,184.8,195.7,10.9,173.9,187.8,13.9
2016-10-24T10:00,184.8,195.7,10.9,173.9,187.8,13.9
2016-10-24T10:30,184.8,195.7,10.9,173.9,187.8,13.9
2016-10-28T06:00,178.7,195.7,17.0,168.8,187.8,19.0
2016-10-28T09:00,177.7,195.7,18.0,167.8,187.8,20.0
2016-10-28T12:00,177.7,195.7,18.0,167.8,187.8,20.0
2016-10-28T13:00,185.7,195.7,10.0,178.7,187.8,9.1
2016-10-29T04:45,185.7,195.7,10.0,178.7,187.8,9.1
2016-10-29T10:45,185.7,195.7,10.0,178.7,187.8,9.1
2016-10-31T08:45,185.7,196.8,11.1,178.7,189.8,11.1
2016-10-31T09:00,187.6,196.8,9.2,180.6,189.8,9.2
2016-10-31T09:30,187.6,197.7,10.1,180.6,189.8,9.2
2016-10-31T10:00,187.6,197.7,10.1,180.6,189.8,9.2
2016-10-31T11:30,187.6,197.7,10.1,180.6,189.8,9.2
2016-10-31T11:45,187.6,197.7,10.1,180.6,189.8,9.2
2016-10-31T14:45,187.6,197.7,10.1,180.6,189.8,9.2
2016-10-31T15:45,187.5,197.7,10.2,180.6,189.8,9.2
2016-11-01T09:15,187.5,197.7,10.2,180.6,189.8,9.2
2016-11-01T09:30,187.5,197.7,10.2,180.6,189.8,9.2
2016-11-02T09:15,187.5,197.7,10.2,180.6,189.8,9.2
2016-11-02T09:30,187.5,197.7,10.2,180.6,189.8,9.2
2016-11-02T10:45,187.5,197.7,10.2,180.6,189.8,9.2
2016-11-02T11:00,187.5,197.7,10.2,180.6,189.8,9.2
2016-11-03T10:00,187.5,197.7,10.2,180.6,189.8,9.2
2016-11-03T12:00,187.5,197.7,10.2,180.6,188.8,8.2
2016-11-03T12:15,186.5,197.7,11.2,178.6,188.8,10.2
2016-11-03T12:45,185.5,197.7,12.2,177.6,188.8,11.2
2016-11-03T13:00,185.5,197.7,12.2,177.6,188.8,11.2
2016-11-03T13:30,185.5,197.7,12.2,177.6,186.8,9.2
2016-11-03T16:45,185.5,197.7,12.2,177.6,186.8,9.2
2016-11-04T09:15,185.4,197.7,12.3,177.6,186.8,9.2
2016-11-04T09:30,185.4,197.7,12.3,177.6,186.8,9.2
2016-11-04T15:00,185.4,196.3,10.9,177.6,186.8,9.2
2016-11-14T10:15,185.4,196.3,10.9,177.6,186.8,9.2
2016-11-14T11:30,185.4,196.3,10.9,177.6,186.8,9.2
2016-11-14T12:00,185.4,196.3,10.9,177.6,186.8,9.2
2016-11-14T12:15,184.4,196.3,11.9,177.6,186.8,9.2
2016-11-14T12:30,183.4,196.3,12.9,176.6,186.8,10.2
2016-11-14T13:30,183.4,194.3,10.9,176.6,185.8,9.2
2016-11-14T13:45,183.4,194.3,10.9,176.6,185.8,9.2
2016-11-14T16:30,183.4,194.3,10.9,176.6,185.8,9.2
2016-11-14T16:45,183.4,194.3,10.9,176.6,185.8,9.2
2016-11-16T12:00,183.4,194.3,10.9,176.6,185.8,9.2
2016-11-16T12:45,183.4,194.3,10.9,176.6,185.8,9.2
2016-11-16T14:45,183.4,194.3,10.9,176.6,185.8,9.2
2016-11-16T15:30,183.3,194.3,11.0,176.6,185.8,9.2
2016-11-16T20:15,183.3,194.3,11.0,176.6,185.8,9.2
2016-11-16T20:45,183.3,194.3,11.0,176.6,185.8,9.2
2016-11-17T09:15,182.3,194.3,12.0,175.6,185.8,10.2
2016-11-17T09:30,182.3,194.3,12.0,175.6,185.8,10.2
2016-11-17T09:45,182.3,194.3,12.0,175.6,185.8,10.2
2016-11-17T10:00,182.3,194.3,12.0,175.6,185.8,10.2
2016-11-17T10:30,182.3,193.3,11.0,175.6,184.8,9.2
2016-11-17T16:45,182.3,193.3,11.0,175.6,184.8,9.2
2016-11-18T09:00,182.1,193.3,11.2,175.6,184.8,9.2
2016-11-18T10:00,182.1,193.3,11.2,175.6,184.8,9.2
2016-11-18T10:45,182.1,193.3,11.2,175.6,184.8,9.2
2016-11-18T11:00,182.1,193.3,11.2,175.6,184.8,9.2
2016-11-22T09:15,182.1,193.3,11.2,175.6,184.8,9.2
2016-12-03T00:30,182.1,194.8,12.7,175.6,187.8,12.2
2016-12-05T10:30,182.1,194.8,12.7,175.6,187.8,12.2
2016-12-05T11:00,182.1,194.8,12.7,175.6,187.8,12.2
2016-12-05T11:30,184.8,196.1,11.3,178.5,187.8,9.3
2016-12-05T12:00,184.8,196.1,11.3,178.5,187.8,9.3
2016-12-05T14:30,184.8,196.1,11.3,178.5,187.7,9.2
2016-12-09T13:45,184.8,196.1,11.3,178.5,187.7,9.2
2016-12-14T11:00,184.8,196.1,11.3,178.5,190.7,12.2
2016-12-14T13:15,184.8,196.1,11.3,178.5,190.7,12.2
2016-12-14T15:00,184.8,196.1,11.3,178.5,190.7,12.2
2016-12-15T08:30,185.8,196.1,10.3,181.5,190.7,9.2
2016-12-16T10:00,185.8,196.1,10.3,181.5,190.7,9.2
2016-12-16T10:15,185.8,196.1,10.3,181.5,190.7,9.2
2016-12-16T14:45,185.8,197.1,11.3,181.5,190.7,9.2
2016-12-16T16:15,185.8,197.1,11.3,181.5,190.7,9.2
2016-12-19T09:00,185.8,197.1,11.3,181.5,190.7,9.2
2016-12-19T09:15,185.8,197.1,11.3,181.5,190.7,9.2
2016-12-19T14:15,185.8,197.1,11.3,181.5,190.7,9.2
2016-12-19T14:30,185.8,197.1,11.3,181.5,190.7,9.2
2016-12-21T11:15,185.8,197.5,11.7,181.5,191.3,9.8
2016-12-21T15:00,185.8,198.9,13.1,181.5,191.3,9.8
2016-12-21T16:15,185.8,198.9,13.1,181.5,191.3,9.8
2016-12-22T09:30,186.8,198.9,12.1,182.1,191.3,9.2
2016-12-23T13:15,186.8,198.9,12.1,182.1,191.7,9.6
2016-12-23T14:00,186.8,198.9,12.1,182.1,191.7,9.6
2016-12-27T09:15,186.8,198.9,12.1,182.1,191.7,9.6
2016-12-27T10:15,188.8,198.9,10.1,183.5,191.7,8.2
2016-12-30T12:30,185.8,198.9,13.1,180.0,191.7,11.7
2016-12-30T13:15,184.5,198.9,14.4,179.0,191.7,12.7
2016-12-30T13:30,184.8,198.9,14.1,179.0,191.7,12.7
2016-12-31T00:45,184.8,200.5,15.7,179.0,193.3,14.3
2016-12-31T02:00,184.8,200.5,15.7,179.0,193.3,14.3
2016-12-31T10:45,189.0,200.5,11.5,183.2,193.3,10.1
2017-01-01T20:30,189.0,202.5,13.5,183.2,196.7,13.5
2017-01-01T23:00,189.0,202.5,13.5,183.2,196.7,13.5
2017-01-02T11:00,189.0,202.5,13.5,183.2,196.7,13.5
2017-01-02T11:30,189.0,202.5,13.5,183.2,196.7,13.5
2017-01-02T11:45,194.0,202.5,8.5,188.2,196.7,8.5
2017-01-02T12:00,194.0,202.5,8.5,188.2,196.7,8.5
2017-01-02T12:45,194.0,202.5,8.5,188.2,196.7,8.5
2017-01-02T14:00,194.0,202.5,8.5,188.2,196.7,8.5
2017-01-02T15:00,194.0,202.5,8.5,188.2,196.7,8.5
2017-01-03T11:15,194.0,202.5,8.5,188.2,196.3,8.1
2017-01-03T14:15,194.0,202.5,8.5,187.2,196.3,9.1
2017-01-03T16:15,194.0,202.4,8.4,187.2,194.7,7.5
2017-01-03T18:45,193.4,202.4,9.0,186.2,194.7,8.5
2017-01-04T09:30,193.4,202.4,9.0,186.2,194.7,8.5
2017-01-04T09:45,193.4,202.4,9.0,186.2,194.7,8.5
2017-01-04T10:00,193.4,202.4,9.0,186.2,194.7,8.5
2017-01-04T15:45,193.4,202.4,9.0,186.2,194.7,8.5
2017-01-15T08:15,191.4,202.4,11.0,184.2,194.7,10.5
2017-01-16T00:30,193.4,202.4,9.0,186.2,194.7,8.5
2017-01-16T10:00,191.4,202.4,11.0,184.2,194.7,10.5
2017-01-17T01:45,193.4,202.4,9.0,186.2,194.7,8.5
2017-01-17T23:15,193.4,202.4,9.0,186.2,194.7,8.5
2017-01-24T09:45,193.4,203.9,10.5,186.2,195.8,9.6
2017-01-24T10:00,193.4,203.9,10.5,186.2,195.8,9.6
2017-01-24T10:30,194.3,203.9,9.6,187.1,195.8,8.7
2017-01-24T10:45,194.3,203.9,9.6,187.1,195.8,8.7
2017-01-24T11:45,194.3,204.4,10.1,187.1,195.8,8.7
2017-01-24T16:45,194.3,204.4,10.1,187.1,195.8,8.7
2017-01-25T09:00,195.4,204.4,9.0,187.1,195.8,8.7
2017-01-30T11:45,195.4,204.4,9.0,187.1,195.8,8.7
2017-01-30T13:15,195.4,204.4,9.0,187.1,195.8,8.7
2017-02-09T10:15,195.4,204.9,9.5,187.1,196.8,9.7
2017-02-09T10:45,195.4,204.9,9.5,187.1,196.8,9.7
2017-02-10T10:45,195.4,204.9,9.5,187.1,196.8,9.7
2017-02-10T15:00,195.4,205.9,10.5,187.1,196.8,9.7
2017-02-13T10:45,195.4,205.9,10.5,187.1,196.8,9.7
2017-02-13T11:00,195.4,205.9,10.5,187.1,196.8,9.7
2017-02-14T09:00,195.4,205.9,10.5,187.1,196.8,9.7
2017-02-14T09:15,195.4,205.9,10.5,187.1,196.8,9.7
2017-02-14T09:30,196.4,205.9,9.5,187.1,196.8,9.7
2017-02-14T10:15,196.4,205.9,9.5,188.1,196.8,8.7
2017-02-27T13:15,194.4,205.9,11.5,186.1,196.8,10.7
2017-02-27T13:30,194.4,205.9,11.5,186.1,196.8,10.7
2017-02-27T14:00,194.4,205.9,11.5,186.1,196.8,10.7
2017-02-27T20:00,194.4,205.9,11.5,186.1,196.8,10.7
2017-02-27T22:30,194.4,205.9,11.5,186.1,196.8,10.7
2017-02-28T09:30,194.4,203.9,9.5,186.1,195.2,9.1
2017-02-28T09:45,193.4,203.9,10.5,185.3,195.2,9.9
2017-02-28T10:15,193.4,203.9,10.5,185.3,193.8,8.5
2017-02-28T10:30,193.4,203.9,10.5,185.3,193.8,8.5
2017-02-28T11:00,193.4,203.9,10.5,185.3,193.8,8.5
2017-02-28T12:45,193.4,203.9,10.5,185.3,193.8,8.5
2017-03-02T11:00,193.4,203.9,10.5,185.3,193.8,8.5
2017-03-02T20:30,193.4,203.9,10.5,185.3,193.8,8.5
2017-03-07T10:30,191.3,203.9,12.6,183.1,193.8,10.7
2017-03-07T10:45,191.3,202.9,11.6,183.1,193.8,10.7
2017-03-07T17:45,191.3,202.9,11.6,183.1,193.8,10.7
2017-03-08T09:45,191.3,201.9,10.6,183.1,193.8,10.7
2017-03-08T12:45,191.3,201.9,10.6,183.1,191.8,8.7
2017-03-08T13:15,191.3,201.9,10.6,183.1,191.8,8.7
2017-03-08T14:30,191.3,201.4,10.1,183.1,191.8,8.7
2017-03-20T11:45,191.3,201.4,10.1,183.1,191.8,8.7
2017-03-20T12:00,189.3,201.4,12.1,181.1,191.8,10.7
2017-03-20T14:45,189.3,199.9,10.6,181.1,191.8,10.7
2017-03-21T16:00,189.3,199.9,10.6,181.1,191.8,10.7
2017-03-21T16:45,189.3,199.9,10.6,181.1,191.8,10.7
2017-03-21T19:15,189.3,199.9,10.6,181.1,191.8,10.7
2017-03-21T21:30,189.3,199.9,10.6,181.1,191.8,10.7
2017-03-22T09:45,189.3,199.4,10.1,181.1,189.8,8.7
2017-03-22T12:45,184.4,199.4,15.0,176.3,189.8,13.5
2017-03-23T02:30,189.3,199.4,10.1,181.1,189.8,8.7
2017-03-24T21:45,189.3,199.9,10.6,181.1,191.8,10.7
2017-03-24T22:45,189.3,199.9,10.6,181.1,191.8,10.7
2017-03-27T09:00,190.3,199.9,9.6,182.1,191.8,9.7
2017-03-28T14:00,190.3,199.9,9.6,182.1,191.8,9.7
2017-03-28T14:15,190.3,199.9,9.6,182.1,191.8,9.7
2017-03-30T15:00,190.3,199.9,9.6,182.1,191.8,9.7
2017-03-31T10:00,190.3,199.9,9.6,182.1,191.8,9.7
2017-03-31T11:15,190.3,201.4,11.1,182.1,191.8,9.7
2017-03-31T12:15,186.9,201.4,14.5,180.8,191.8,11.0
2017-03-31T12:45,185.9,201.4,15.5,179.8,191.8,12.0
2017-04-01T06:45,185.9,201.4,15.5,179.8,191.8,12.0
2017-04-01T18:15,185.9,201.4,15.5,179.8,191.8,12.0
2017-04-03T09:00,185.9,201.4,15.5,179.8,191.8,12.0
2017-04-03T10:00,187.7,201.4,13.7,179.6,191.8,12.2
2017-04-03T13:30,187.7,201.4,13.7,179.6,191.8,12.2
2017-04-03T13:45,187.7,205.9,18.2,179.6,196.8,17.2
2017-04-03T14:00,187.7,205.9,18.2,179.6,196.8,17.2
2017-04-03T14:15,187.7,201.9,14.2,179.6,191.8,12.2
2017-04-05T10:45,187.7,202.4,14.7,179.6,193.8,14.2
2017-04-05T12:30,187.7,202.4,14.7,179.6,193.8,14.2
2017-04-05T13:15,190.2,202.4,12.2,181.6,193.8,12.2
2017-04-05T15:45,190.2,203.4,13.2,181.6,193.8,12.2
2017-04-05T16:00,190.2,203.4,13.2,181.6,193.8,12.2
2017-04-06T09:00,190.2,203.4,13.2,181.6,193.8,12.2
2017-04-06T09:45,190.2,203.4,13.2,181.6,193.8,12.2
2017-04-07T10:30,190.2,204.4,14.2,181.6,193.8,12.2
2017-04-07T10:45,190.2,204.4,14.2,181.6,193.8,12.2
2017-04-07T14:00,190.2,204.4,14.2,181.6,193.8,12.2
2017-04-07T15:15,190.2,204.4,14.2,181.6,193.8,12.2
2017-04-07T15:45,190.2,204.4,14.2,181.6,193.8,12.2
2017-04-07T16:15,190.2,203.4,13.2,181.6,193.8,12.2
2017-04-07T16:30,190.2,203.4,13.2,181.6,193.8,12.2
2017-04-26T13:00,190.2,203.4,13.2,181.6,193.8,12.2
2017-04-26T15:30,190.2,203.4,13.2,181.6,193.8,12.2
2017-04-27T10:15,190.2,203.4,13.2,181.6,193.8,12.2
2017-04-27T12:30,190.2,203.4,13.2,181.6,193.8,12.2
2017-04-27T18:00,190.2,203.4,13.2,181.6,189.8,8.2
2017-04-27T18:45,190.2,203.4,13.2,178.6,189.8,11.2
2017-04-28T10:45,190.2,203.4,13.2,177.6,189.8,12.2
2017-05-02T12:00,188.2,203.4,15.2,175.6,189.8,14.2
2017-05-02T13:30,188.2,203.4,15.2,175.6,189.8,14.2
2017-05-02T15:00,188.2,202.4,14.2,175.6,189.8,14.2
2017-05-02T16:00,188.2,202.4,14.2,175.6,189.8,14.2
2017-05-03T19:15,188.2,202.4,14.2,175.6,189.3,13.7
2017-05-03T19:30,188.2,202.4,14.2,175.6,189.3,13.7
2017-05-04T13:00,187.7,202.4,14.7,175.1,189.3,14.2
2017-05-04T14:00,187.7,201.4,13.7,175.1,187.3,12.2
2017-05-05T11:15,187.7,201.4,13.7,175.1,187.3,12.2
2017-05-05T12:00,187.7,201.4,13.7,175.1,187.3,12.2
2017-05-05T14:00,187.7,200.4,12.7,175.1,187.3,12.2
2017-05-09T11:30,186.7,200.4,13.7,174.1,187.3,13.2
2017-05-09T12:00,185.7,200.4,14.7,173.1,187.3,14.2
2017-05-10T03:00,185.7,200.4,14.7,173.1,187.3,14.2
2017-05-10T09:00,187.7,200.4,12.7,175.1,187.3,12.2
2017-05-10T16:00,187.7,199.9,12.2,175.1,187.3,12.2
2017-05-19T11:45,169.9,199.9,30.0,164.9,187.3,22.4
2017-05-22T09:45,169.9,199.9,30.0,164.9,187.3,22.4
2017-05-22T10:15,169.9,199.9,30.0,164.9,187.3,22.4
2017-05-22T16:30,169.9,199.9,30.0,164.9,187.3,22.4
2017-05-22T16:45,169.9,199.4,29.5,164.9,185.4,20.5
2017-05-23T09:00,169.9,199.4,29.5,164.9,185.4,20.5
2017-05-23T10:15,169.9,199.4,29.5,164.9,185.4,20.5
2017-05-23T10:30,169.9,199.4,29.5,164.9,185.4,20.5
2017-05-23T12:00,169.9,199.4,29.5,164.9,185.4,20.5
2017-05-23T12:30,169.9,199.4,29.5,164.9,185.4,20.5
2017-05-23T14:00,169.9,199.4,29.5,164.9,185.4,20.5
2017-05-23T14:30,169.9,199.4,29.5,164.9,185.4,20.5
2017-05-23T15:30,169.9,199.4,29.5,164.9,185.4,20.5
2017-05-26T09:30,169.9,197.9,28.0,161.9,185.3,23.4
2017-05-26T15:30,169.9,197.9,28.0,161.9,185.3,23.4
2017-05-28T13:15,169.9,197.9,28.0,161.9,185.3,23.4
2017-05-28T14:00,169.9,197.9,28.0,161.9,185.3,23.4
2017-05-29T08:45,169.9,197.9,28.0,161.9,185.3,23.4
2017-05-29T15:45,169.9,197.9,28.0,161.9,184.3,22.4
2017-06-01T11:15,169.9,197.9,28.0,161.9,184.3,22.4
2017-06-02T13:15,169.9,197.9,28.0,161.9,184.3,22.4
2017-06-02T16:15,169.9,197.9,28.0,161.9,184.3,22.4
2017-06-02T23:30,169.9,197.9,28.0,161.9,184.3,22.4
2017-06-06T11:45,169.9,197.9,28.0,161.9,184.3,22.4
2017-06-06T14:30,169.9,197.9,28.0,161.9,184.3,22.4
2017-06-06T15:45,169.9,197.9,28.0,161.9,184.3,22.4
2017-06-07T10:00,169.9,195.9,26.0,161.9,183.3,21.4
2017-06-07T10:15,169.9,195.9,26.0,161.9,183.3,21.4
2017-06-10T00:00,169.9,195.9,26.0,161.9,183.3,21.4
2017-06-10T01:15,169.9,195.9,26.0,161.9,183.3,21.4
2017-06-10T12:00,169.9,195.9,26.0,161.9,183.3,21.4
2017-06-12T13:45,169.9,195.4,25.5,161.9,181.3,19.4
2017-06-12T14:00,166.9,195.4,28.5,158.9,181.3,22.4
2017-06-12T23:00,166.9,195.4,28.5,158.9,181.3,22.4
2017-06-13T10:00,166.9,195.4,28.5,158.9,181.3,22.4
2017-06-13T10:30,166.9,195.4,28.5,158.9,181.3,22.4
2017-06-15T09:45,166.9,195.4,28.5,158.9,181.3,22.4
2017-06-15T12:00,166.9,195.4,28.5,158.9,181.3,22.4
2017-06-15T14:15,166.9,195.4,28.5,158.9,181.3,22.4
2017-06-15T14:30,166.9,193.9,27.0,158.9,181.3,22.4
2017-06-15T15:00,166.9,193.9,27.0,158.9,181.3,22.4
2017-06-15T15:45,166.9,193.9,27.0,158.9,181.3,22.4
2017-06-15T17:15,166.9,193.9,27.0,158.9,181.3,22.4
2017-06-16T02:15,166.9,193.9,27.0,158.9,181.3,22.4
2017-06-16T10:00,166.9,193.9,27.0,158.9,181.3,22.4
2017-06-16T14:45,166.9,192.4,25.5,158.9,177.2,18.3
2017-06-16T16:00,166.9,192.4,25.5,158.9,177.2,18.3
2017-06-16T22:15,166.9,192.4,25.5,158.9,177.2,18.3
2017-06-19T11:00,166.9,192.4,25.5,158.9,177.2,18.3
2017-06-19T15:45,166.9,192.4,25.5,158.9,177.2,18.3
2017-06-20T10:00,166.9,192.4,25.5,158.9,177.2,18.3
2017-06-20T14:15,164.9,192.4,27.5,155.9,177.2,21.3
2017-06-24T00:15,164.9,193.7,28.8,155.9,180.2,24.3
2017-06-24T10:15,164.9,193.7,28.8,155.9,180.2,24.3
2017-06-26T09:45,164.9,193.7,28.8,155.9,180.2,24.3
2017-07-04T11:00,164.9,194.4,29.5,155.9,180.2,24.3
2017-07-04T15:30,164.9,194.4,29.5,155.9,180.2,24.3
2017-07-05T10:30,164.9,194.4,29.5,155.9,180.2,24.3
2017-07-05T16:15,164.9,194.4,29.5,155.9,180.2,24.3
2017-07-06T09:30,164.9,194.4,29.5,155.9,180.2,24.3
2017-07-07T17:00,164.9,194.4,29.5,155.9,180.2,24.3
2017-07-11T09:30,164.9,194.4,29.5,155.9,182.2,26.3
2017-07-11T11:30,164.9,195.4,30.5,155.9,182.2,26.3
2017-07-11T15:45,164.9,195.7,30.8,155.9,184.2,28.3
2017-07-11T16:45,164.9,195.7,30.8,155.9,184.2,28.3
2017-07-12T09:30,164.9,195.7,30.8,155.9,184.2,28.3
2017-07-12T10:45,164.9,195.7,30.8,155.9,184.2,28.3
2017-07-12T13:00,164.9,196.4,31.5,155.9,184.2,28.3
2017-07-13T07:30,164.9,196.4,31.5,155.9,184.2,28.3
2017-07-13T07:45,164.9,196.4,31.5,155.9,184.2,28.3
2017-07-13T08:45,164.9,196.4,31.5,155.9,184.2,28.3
2017-07-13T13:30,164.9,196.4,31.5,155.9,184.2,28.3
2017-07-14T07:15,164.9,196.4,31.5,155.9,184.2,28.3
2017-07-14T08:30,164.9,196.4,31.5,155.9,184.2,28.3
2017-07-14T09:00,164.9,196.4,31.5,155.9,184.2,28.3
2017-07-15T07:30,164.9,196.4,31.5,155.9,184.2,28.3
2017-07-17T08:15,164.9,196.4,31.5,155.9,184.2,28.3
2017-07-17T10:45,164.9,196.4,31.5,155.9,184.2,28.3
2017-07-17T11:15,164.9,196.4,31.5,155.9,184.2,28.3
2017-07-26T10:45,164.9,197.7,32.8,155.9,187.7,31.8
2017-07-26T11:45,164.9,197.7,32.8,155.9,187.7,31.8
2017-07-28T03:00,164.9,197.7,32.8,155.9,187.7,31.8
2017-07-28T11:45,164.9,198.4,33.5,155.9,187.7,31.8
2017-07-28T12:00,164.9,198.4,33.5,155.9,187.7,31.8
2017-07-28T13:15,164.9,198.4,33.5,155.9,187.7,31.8
2017-07-29T00:15,164.9,198.4,33.5,155.9,187.7,31.8
2017-08-08T11:15,164.9,199.9,35.0,155.9,189.9,34.0
2017-08-08T13:00,164.9,199.9,35.0,155.9,189.9,34.0
2017-08-09T10:45,164.9,199.9,35.0,155.9,189.9,34.0
2017-08-10T15:15,167.9,199.9,32.0,158.9,189.9,31.0
2017-08-15T10:15,167.9,199.9,32.0,158.9,189.9,31.0
2017-08-15T13:00,167.9,199.9,32.0,158.9,189.9,31.0
2017-08-15T14:30,167.9,199.9,32.0,158.9,189.9,31.0
2017-08-15T15:15,167.9,199.9,32.0,158.9,189.9,31.0
2017-08-15T16:15,167.9,199.9,32.0,158.9,189.9,31.0
2017-08-18T16:00,167.9,199.9,32.0,158.9,189.9,31.0
2017-08-31T11:30,167.9,199.9,32.0,158.9,189.9,31.0
2017-08-31T14:00,167.9,199.9,32.0,158.9,189.9,31.0
2017-08-31T20:30,167.9,199.9,32.0,158.9,189.9,31.0
2017-09-01T11:00,167.9,202.9,35.0,158.9,190.2,31.3
2017-09-01T12:00,167.9,202.9,35.0,158.9,190.2,31.3
2017-09-04T14:30,167.9,202.9,35.0,158.9,190.2,31.3
2017-09-05T12:45,167.9,202.9,35.0,158.9,190.9,32.0
2017-09-05T15:00,167.9,202.9,35.0,158.9,190.9,32.0
2017-09-05T15:15,167.9,202.9,35.0,158.9,190.9,32.0
2017-09-06T06:30,167.9,202.9,35.0,158.9,190.9,32.0
2017-09-07T15:00,167.9,202.9,35.0,158.9,190.9,32.0
2017-09-09T21:30,167.9,202.9,35.0,158.9,190.9,32.0
2017-09-10T06:30,167.9,202.9,35.0,158.9,190.9,32.0
2017-09-11T14:45,167.9,204.8,36.9,158.9,194.9,36.0
2017-09-11T16:15,167.9,204.8,36.9,158.9,194.9,36.0
2017-09-13T11:00,167.9,204.8,36.9,158.9,194.9,36.0
2017-09-15T01:15,167.9,204.8,36.9,158.9,194.9,36.0
2017-09-15T01:45,167.9,204.8,36.9,158.9,194.9,36.0
2017-09-18T10:30,169.9,204.8,34.9,159.9,194.9,35.0
2017-09-18T11:30,169.9,204.8,34.9,159.9,194.9,35.0
2017-09-18T14:30,169.9,204.8,34.9,159.9,194.9,35.0
2017-10-06T11:30,169.9,204.8,34.9,159.9,194.9,35.0
2017-10-09T21:00,171.9,204.8,32.9,163.9,194.9,31.0
2017-10-11T09:45,171.9,204.8,32.9,163.9,194.9,31.0
2017-10-11T12:00,171.9,204.8,32.9,163.9,194.9,31.0
2017-10-11T14:15,171.9,204.8,32.9,163.9,194.9,31.0
2017-10-12T10:30,171.9,204.8,32.9,163.9,194.9,31.0
2017-10-12T10:45,171.9,204.8,32.9,163.9,194.9,31.0
2017-10-12T22:00,171.9,204.8,32.9,163.9,194.9,31.0
2017-10-18T10:30,171.9,204.8,32.9,163.9,194.9,31.0
2017-10-18T13:30,171.9,204.8,32.9,163.9,194.9,31.0
2017-10-20T09:00,171.9,204.8,32.9,163.9,194.9,31.0
2017-10-20T10:45,171.9,204.8,32.9,163.9,193.9,30.0
2017-10-20T11:45,171.9,202.8,30.9,163.9,193.9,30.0
2017-10-24T15:00,171.9,202.8,30.9,163.9,193.9,30.0
2017-10-25T09:45,171.9,202.8,30.9,163.9,193.9,30.0
2017-10-25T10:15,171.9,202.8,30.9,163.9,193.9,30.0
2017-10-25T22:15,171.9,202.8,30.9,163.9,193.9,30.0
2017-10-26T00:00,171.9,202.8,30.9,163.9,193.9,30.0
2017-10-26T09:45,171.9,202.8,30.9,163.9,193.9,30.0
2017-10-28T08:45,171.9,202.8,30.9,163.9,193.9,30.0
2017-10-28T10:30,171.9,202.8,30.9,163.9,193.9,30.0
2017-10-28T11:30,171.9,202.8,30.9,163.9,193.9,30.0
2017-10-28T12:00,171.9,202.8,30.9,163.9,193.9,30.0
2017-10-28T12:15,171.9,202.8,30.9,163.9,193.9,30.0
2017-10-28T15:00,171.9,202.8,30.9,163.9,193.9,30.0
2017-10-28T15:15,171.9,202.8,30.9,163.9,193.9,30.0
2017-11-08T22:00,171.9,206.8,34.9,163.9,198.9,35.0
2017-11-09T14:30,171.9,206.8,34.9,163.9,198.9,35.0
2017-11-10T10:00,171.9,206.8,34.9,163.9,198.9,35.0
2017-11-10T12:45,171.9,206.8,34.9,163.9,198.9,35.0
2017-11-13T11:45,173.9,206.8,32.9,165.9,198.9,33.0
2017-11-14T23:30,173.9,206.8,32.9,165.9,198.9,33.0
2017-11-15T10:15,173.9,206.8,32.9,165.9,198.9,33.0
2017-11-15T22:15,173.9,206.8,32.9,165.9,198.9,33.0
2017-11-16T11:15,173.9,206.8,32.9,165.9,198.9,33.0
2017-11-16T11:30,173.9,206.8,32.9,165.9,198.9,33.0
2017-11-16T13:45,176.9,206.8,29.9,167.9,198.9,31.0
2017-11-18T08:15,176.9,206.8,29.9,167.9,198.9,31.0
2017-11-20T18:45,176.9,206.8,29.9,167.9,198.9,31.0
2017-11-29T16:45,176.9,206.8,29.9,167.9,198.9,31.0
2017-12-01T00:00,176.9,206.8,29.9,167.9,198.9,31.0
2017-12-01T16:30,176.9,206.8,29.9,167.9,198.9,31.0
2017-12-05T20:15,176.9,206.8,29.9,167.9,198.9,31.0
2017-12-06T11:30,176.9,206.8,29.9,167.9,198.9,31.0
2017-12-06T15:00,176.9,206.8,29.9,167.9,198.9,31.0
2017-12-06T17:00,177.9,206.8,28.9,167.9,198.9,31.0
2017-12-06T20:15,177.9,206.8,28.9,168.8,198.9,30.1
2017-12-11T14:30,177.9,206.8,28.9,168.9,198.9,30.0
2017-12-19T16:15,180.9,206.8,25.9,171.9,198.9,27.0
2018-01-01T00:15,180.9,213.0,32.1,171.9,206.3,34.4
2018-01-01T02:00,180.9,213.0,32.1,171.9,206.3,34.4
2018-01-01T10:15,180.9,213.0,32.1,171.9,206.9,35.0
2018-01-01T14:15,180.9,213.0,32.1,171.9,206.9,35.0
2018-01-01T16:15,180.9,213.0,32.1,171.9,206.9,35.0
2018-01-02T12:15,180.9,211.8,30.9,171.9,206.9,35.0
2018-01-03T12:15,180.9,211.8,30.9,171.9,206.9,35.0
2018-01-03T16:30,186.9,211.8,24.9,177.9,206.9,29.0
2018-01-05T13:15,186.9,211.8,24.9,177.9,206.9,29.0
2018-01-09T16:15,186.9,211.8,24.9,177.9,206.9,29.0
2018-01-10T11:30,186.9,211.8,24.9,177.9,206.9,29.0
2018-01-10T14:15,186.9,211.8,24.9,177.9,206.9,29.0
2018-01-11T10:15,186.9,211.8,24.9,177.9,206.9,29.0
2018-01-11T12:15,186.9,211.8,24.9,177.9,206.9,29.0
2018-01-12T10:45,186.9,211.8,24.9,177.9,206.9,29.0
2018-01-13T13:45,186.9,211.8,24.9,177.9,206.9,29.0
2018-01-14T07:45,186.9,211.8,24.9,177.9,206.9,29.0
2018-01-14T23:00,186.9,211.8,24.9,177.9,206.9,29.0
2018-01-15T08:30,186.9,211.8,24.9,177.9,206.9,29.0
2018-01-15T11:15,186.9,211.8,24.9,177.9,206.9,29.0
2018-01-16T08:00,186.9,211.8,24.9,177.9,206.9,29.0
2018-01-16T12:00,186.9,211.8,24.9,177.9,206.9,29.0
2018-01-17T09:45,186.9,211.8,24.9,177.9,206.9,29.0
2018-01-17T16:00,186.9,211.8,24.9,177.9,206.9,29.0
2018-01-18T09:00,186.9,211.8,24.9,177.9,206.9,29.0
2018-01-18T12:00,186.9,211.8,24.9,177.9,206.3,28.4
2018-01-18T13:15,186.9,211.8,24.9,177.9,206.3,28.4
2018-01-18T14:00,186.9,211.7,24.8,177.9,205.4,27.5
2018-01-18T14:45,186.9,211.7,24.8,177.9,205.4,27.5
2018-01-18T18:45,186.9,211.7,24.8,177.9,205.4,27.5
2018-01-19T08:15,186.9,209.8,22.9,177.9,203.4,25.5
2018-01-19T10:15,186.9,209.8,22.9,177.9,203.4,25.5
2018-01-25T09:15,186.9,213.8,26.9,177.9,207.3,29.4
2018-01-25T10:45,186.9,213.8,26.9,177.9,207.3,29.4
2018-01-25T12:15,186.9,213.8,26.9,177.9,207.3,29.4
2018-01-25T16:00,186.9,213.8,26.9,177.9,207.3,29.4
2018-01-29T13:45,186.9,212.8,25.9,177.9,206.9,29.0
2018-01-29T16:00,186.9,212.8,25.9,177.9,206.9,29.0
2018-01-30T14:00,188.9,212.8,23.9,179.9,206.9,27.0
2018-01-30T16:15,188.9,212.8,23.9,179.9,206.9,27.0
2018-02-01T12:15,188.9,212.8,23.9,179.9,206.9,27.0
2018-02-02T10:15,188.9,212.8,23.9,179.9,206.9,27.0
2018-02-07T08:15,189.9,212.8,22.9,180.9,206.9,26.0
2018-02-21T15:30,189.9,212.8,22.9,180.9,206.9,26.0
2018-02-26T12:15,189.9,212.8,22.9,180.9,206.9,26.0
2018-02-28T00:30,189.9,212.8,22.9,180.9,206.9,26.0
2018-03-15T20:00,188.9,212.8,23.9,180.9,206.9,26.0
2018-03-21T01:00,183.9,212.8,28.9,175.9,206.9,31.0
2018-03-29T22:45,184.9,212.8,27.9,176.9,206.9,30.0
2018-04-06T17:15,184.9,212.8,27.9,178.9,206.9,28.0
2018-04-10T11:15,184.9,214.8,29.9,178.9,207.9,29.0
2018-04-10T13:00,184.9,214.8,29.9,178.9,208.6,29.7
2018-04-11T14:45,184.9,214.8,29.9,178.9,208.6,29.7
2018-04-11T17:15,184.9,214.8,29.9,178.9,208.6,29.7
2018-04-12T10:15,184.9,214.8,29.9,178.9,208.6,29.7
2018-04-17T20:00,186.9,214.8,27.9,180.9,208.6,27.7
2018-04-18T16:00,186.9,216.8,29.9,180.9,209.9,29.0
2018-04-18T16:45,186.9,216.8,29.9,180.9,209.9,29.0
2018-04-18T17:30,186.9,216.8,29.9,180.9,209.9,29.0
2018-04-19T10:45,186.9,216.8,29.9,180.9,209.9,29.0
2018-04-20T09:45,186.9,216.8,29.9,180.9,209.9,29.0
2018-04-20T12:15,186.9,216.8,29.9,180.9,209.9,29.0
2018-04-20T13:30,186.9,216.8,29.9,180.9,209.9,29.0
2018-04-20T17:00,186.9,216.8,29.9,180.9,209.9,29.0
2018-04-23T10:00,186.9,216.8,29.9,180.9,209.9,29.0
2018-04-23T14:45,186.9,216.8,29.9,180.9,209.9,29.0
2018-04-23T15:15,186.9,216.8,29.9,180.9,209.9,29.0
2018-04-24T13:30,186.9,218.8,31.9,180.9,211.9,31.0
2018-04-24T14:15,186.9,218.8,31.9,180.9,211.9,31.0
2018-04-26T09:45,187.9,218.8,30.9,180.9,211.9,31.0
2018-04-27T13:15,187.9,218.8,30.9,180.9,211.9,31.0
2018-04-30T14:15,187.9,218.8,30.9,180.9,211.9,31.0
2018-04-30T14:45,187.9,218.8,30.9,180.9,211.9,31.0
2018-04-30T21:45,189.9,218.8,28.9,182.9,211.9,29.0
2018-04-30T23:30,189.9,218.8,28.9,182.9,211.9,29.0
2018-05-02T11:30,188.9,218.8,29.9,181.9,211.9,30.0
2018-05-02T13:00,187.9,218.8,30.9,180.9,211.9,31.0
2018-05-02T13:45,187.9,218.8,30.9,180.9,211.9,31.0
2018-05-07T16:45,187.9,221.8,33.9,180.9,213.9,33.0
2018-05-07T17:00,187.9,221.8,33.9,180.9,213.9,33.0
2018-05-08T09:15,187.9,221.8,33.9,180.9,213.9,33.0
2018-05-08T11:00,187.9,221.8,33.9,180.9,213.9,33.0
2018-05-08T14:00,187.9,221.8,33.9,180.9,213.9,33.0
2018-05-08T15:15,187.9,221.8,33.9,180.9,213.9,33.0
2018-05-09T15:45,187.9,221.8,33.9,180.9,213.9,33.0
2018-05-16T22:30,187.9,224.8,36.9,180.9,216.9,36.0
2018-05-17T09:00,187.9,224.8,36.9,180.9,216.9,36.0
2018-05-17T10:30,187.9,224.8,36.9,180.9,216.9,36.0
2018-05-17T11:30,187.9,224.8,36.9,180.9,216.9,36.0
2018-05-17T13:30,187.9,224.8,36.9,180.9,216.9,36.0
2018-05-18T12:45,190.9,224.8,33.9,183.9,216.9,33.0
2018-05-18T23:00,190.9,226.8,35.9,183.9,218.9,35.0
2018-05-19T12:15,190.9,226.8,35.9,183.9,218.9,35.0
2018-05-22T10:00,190.9,226.8,35.9,183.9,218.9,35.0
2018-05-22T14:30,190.9,226.8,35.9,183.9,218.9,35.0
2018-05-23T16:30,190.9,229.7,38.8,183.9,221.8,37.9
2018-05-23T17:00,190.9,229.7,38.8,183.9,221.8,37.9
2018-05-23T22:15,192.9,229.7,36.8,185.9,221.8,35.9
2018-05-24T12:00,192.9,229.7,36.8,185.9,221.8,35.9
2018-05-24T14:30,192.9,229.7,36.8,185.9,221.8,35.9
2018-05-24T16:00,192.9,229.7,36.8,185.9,221.8,35.9
2018-05-24T16:30,192.9,229.7,36.8,185.9,221.8,35.9
2018-05-24T17:30,192.9,229.7,36.8,185.9,221.8,35.9
2018-05-25T05:45,192.9,229.7,36.8,185.9,221.8,35.9
2018-05-25T13:30,192.9,229.7,36.8,185.9,221.8,35.9
2018-05-28T15:15,194.9,229.7,34.8,187.9,221.8,33.9
2018-06-05T10:00,194.9,229.7,34.8,187.9,221.8,33.9
2018-06-05T13:15,194.9,228.2,33.3,187.9,220.3,32.4
2018-06-15T11:15,194.9,228.2,33.3,187.9,220.3,32.4
2018-07-14T15:30,194.9,228.2,33.3,187.9,220.3,32.4
2018-07-14T16:00,194.9,228.2,33.3,187.9,220.3,32.4
2018-08-01T00:15,194.9,228.2,33.3,187.9,220.3,32.4
2018-08-03T16:00,194.9,228.2,33.3,187.9,220.3,32.4
2018-08-21T11:00,194.9,229.2,34.3,187.9,220.3,32.4
2018-08-21T11:15,194.9,229.2,34.3,187.9,220.3,32.4
2018-08-23T09:30,194.9,230.2,35.3,187.9,221.3,33.4
2018-08-23T10:00,194.9,230.2,35.3,187.9,221.3,33.4
2018-08-23T11:00,194.9,230.2,35.3,187.9,221.3,33.4
2018-08-23T16:15,194.9,230.2,35.3,187.9,221.3,33.4
2018-08-24T20:30,196.9,230.2,33.3,188.9,221.3,32.4
2018-08-27T09:45,196.9,229.2,32.3,188.9,220.3,31.4
2018-08-27T10:30,196.9,229.2,32.3,188.9,220.3,31.4
2018-08-27T11:15,196.9,231.3,34.4,188.9,221.3,32.4
2018-08-27T11:45,196.9,231.3,34.4,188.9,221.3,32.4
2018-08-27T13:45,196.9,231.3,34.4,188.9,221.3,32.4
2018-08-28T09:15,196.9,231.3,34.4,188.9,221.3,32.4
2018-08-28T22:00,196.9,231.3,34.4,188.9,221.3,32.4
2018-08-29T11:15,196.9,231.3,34.4,188.9,221.3,32.4
2018-08-29T13:00,196.9,231.3,34.4,188.9,221.3,32.4
2018-08-30T11:15,196.9,231.3,34.4,188.9,221.3,32.4
2018-09-01T00:15,196.9,231.3,34.4,188.9,221.3,32.4
2018-09-04T20:00,196.9,231.3,34.4,188.9,221.3,32.4
2018-09-06T08:00,196.9,232.3,35.4,188.9,224.3,35.4
2018-09-06T08:30,196.9,232.3,35.4,188.9,224.3,35.4
2018-09-06T09:30,196.9,232.3,35.4,188.9,224.3,35.4
2018-09-06T11:00,196.9,232.3,35.4,188.9,224.3,35.4
2018-09-06T13:15,196.9,232.3,35.4,188.9,224.3,35.4
2018-09-12T19:00,197.9,232.3,34.4,191.9,224.3,32.4
2018-09-13T09:45,197.9,233.3,35.4,191.9,227.3,35.4
2018-09-13T15:30,197.9,233.3,35.4,191.9,227.3,35.4
2018-09-13T17:00,197.9,233.3,35.4,191.9,227.3,35.4
2018-09-14T07:15,197.9,233.3,35.4,191.9,227.3,35.4
2018-09-14T07:45,197.9,233.3,35.4,191.9,227.3,35.4
2018-09-14T09:30,197.9,233.3,35.4,191.9,226.3,34.4
2018-09-14T10:00,197.9,233.3,35.4,191.9,226.3,34.4
2018-09-17T16:15,197.9,233.3,35.4,193.9,226.3,32.4
2018-09-17T17:30,197.9,233.3,35.4,193.9,226.3,32.4
2018-09-20T09:15,197.9,233.3,35.4,193.9,226.3,32.4
2018-10-01T00:00,197.9,233.3,35.4,193.9,226.3,32.4
2018-10-01T09:30,197.9,233.3,35.4,193.9,229.2,35.3
2018-10-02T14:15,197.9,234.3,36.4,193.9,229.3,35.4
2018-10-02T15:30,197.9,234.3,36.4,193.9,229.3,35.4
2018-10-02T16:45,197.9,234.3,36.4,193.9,229.3,35.4
2018-10-02T17:00,197.9,234.3,36.4,193.9,229.3,35.4
2018-10-03T10:00,197.9,234.3,36.4,193.9,229.3,35.4
2018-10-03T17:00,197.9,234.3,36.4,193.9,232.2,38.3
2018-10-04T13:15,197.9,234.3,36.4,193.9,232.2,38.3
2018-10-04T15:45,197.9,234.3,36.4,196.9,232.2,35.3
2018-10-05T10:15,197.9,234.3,36.4,196.9,232.2,35.3
2018-10-05T15:30,197.9,234.3,36.4,196.9,229.3,32.4
2018-10-08T11:00,197.9,234.3,36.4,196.9,229.3,32.4
2018-10-10T10:45,197.9,235.3,37.4,196.9,233.3,36.4
2018-10-10T11:45,197.9,235.3,37.4,196.9,233.3,36.4
2018-10-10T14:30,197.9,235.3,37.4,196.9,233.3,36.4
2018-10-10T16:30,197.9,235.3,37.4,196.9,233.3,36.4
2018-10-10T17:15,197.9,235.3,37.4,196.9,233.3,36.4
2018-10-11T11:15,197.9,235.3,37.4,196.9,233.3,36.4
2018-10-11T18:30,199.9,235.3,35.4,199.9,233.3,33.4
2018-10-15T10:30,199.9,235.3,35.4,199.9,233.3,33.4
2018-10-16T08:00,199.9,235.3,35.4,200.9,233.3,32.4
2018-10-16T14:30,199.9,235.3,35.4,199.9,233.3,33.4
2018-11-02T13:30,199.9,235.3,35.4,199.9,233.3,33.4
2018-11-02T17:15,199.9,235.3,35.4,199.9,233.3,33.4
2018-11-09T18:45,199.9,235.3,35.4,199.9,233.3,33.4
2018-11-09T19:00,199.9,235.3,35.4,199.9,233.2,33.3
2018-11-10T11:00,199.9,232.7,32.8,199.9,232.1,32.2
2018-11-10T13:45,199.9,232.3,32.4,199.9,232.1,32.2
2018-11-10T14:30,199.9,232.3,32.4,199.9,232.1,32.2
2018-11-12T09:15,199.9,232.3,32.4,199.9,232.1,32.2
2018-11-12T10:15,199.9,232.3,32.4,199.9,232.1,32.2
2018-11-12T10:30,199.9,232.3,32.4,199.9,232.1,32.2
2018-11-12T11:00,199.9,232.3,32.4,199.9,232.1,32.2
2018-11-16T13:00,199.9,232.3,32.4,199.9,232.1,32.2
2018-11-16T13:45,199.9,232.3,32.4,199.9,232.1,32.2
2018-11-21T12:00,199.9,232.3,32.4,199.9,231.3,31.4
2018-11-21T12:45,199.9,232.3,32.4,199.9,231.3,31.4
2018-11-21T18:30,199.9,232.2,32.3,199.9,231.2,31.3
2018-11-21T18:45,199.9,232.2,32.3,199.9,231.2,31.3
2018-11-22T08:15,199.9,232.2,32.3,199.9,231.2,31.3
2018-11-22T09:30,199.9,227.3,27.4,199.9,228.1,28.2
2018-11-23T08:15,199.9,227.3,27.4,199.9,227.3,27.4
2018-11-24T16:15,199.9,227.3,27.4,199.9,227.3,27.4
2018-11-25T14:45,199.9,227.2,27.3,199.9,227.3,27.4
2018-11-25T18:30,199.9,227.2,27.3,199.9,227.3,27.4
2018-11-25T18:45,199.9,227.2,27.3,199.9,227.3,27.4
2018-11-25T19:15,199.9,227.2,27.3,199.9,227.3,27.4
2018-11-25T19:30,199.9,227.2,27.3,199.9,227.3,27.4
2018-11-26T09:15,199.9,227.2,27.3,199.9,227.3,27.4
2018-11-26T09:30,199.9,225.8,25.9,199.9,227.3,27.4
2018-11-26T10:00,199.9,225.3,25.4,199.9,227.3,27.4
2018-11-26T16:00,199.9,225.3,25.4,199.9,227.3,27.4
2018-11-26T16:30,199.9,225.3,25.4,199.9,227.3,27.4
2018-11-27T09:15,199.9,225.2,25.3,199.9,227.2,27.3
2018-11-27T09:30,199.9,225.2,25.3,199.9,227.2,27.3
2018-11-27T09:45,199.9,225.2,25.3,199.9,227.2,27.3
2018-11-27T10:15,199.9,225.2,25.3,199.9,227.2,27.3
2018-11-27T11:30,199.9,225.2,25.3,199.9,227.2,27.3
2018-11-27T16:15,199.9,225.2,25.3,199.9,227.2,27.3
2018-11-27T16:30,199.9,225.2,25.3,199.9,227.2,27.3
2018-11-27T16:45,199.9,223.8,23.9,199.9,226.3,26.4
2018-11-27T20:45,199.9,223.6,23.7,199.9,226.3,26.4
2018-11-28T08:30,199.9,223.6,23.7,199.9,226.3,26.4
2018-11-28T09:45,199.9,223.6,23.7,199.9,226.3,26.4
2018-11-28T10:30,199.9,223.6,23.7,199.9,226.3,26.4
2018-11-28T15:30,199.9,223.6,23.7,199.9,226.3,26.4
2018-11-28T17:15,199.9,223.6,23.7,199.9,226.3,26.4
2018-11-29T00:00,199.9,223.6,23.7,199.9,226.3,26.4
2018-11-29T17:15,199.9,223.6,23.7,199.9,226.3,26.4
2018-11-29T17:30,199.9,223.6,23.7,199.9,226.2,26.3
2018-11-29T17:45,199.9,223.6,23.7,199.9,226.2,26.3
2018-11-29T20:45,199.9,223.6,23.7,199.9,226.2,26.3
2018-11-29T21:00,199.9,223.2,23.3,199.9,226.2,26.3
2018-11-29T21:30,199.9,223.2,23.3,199.9,226.2,26.3
2018-11-29T22:15,199.9,223.2,23.3,198.9,226.2,27.3
2018-11-29T23:30,199.9,223.2,23.3,198.9,226.2,27.3
2018-11-30T10:45,199.9,222.8,22.9,198.9,225.3,26.4
2018-11-30T15:30,199.9,222.4,22.5,198.9,225.3,26.4
2018-11-30T16:15,199.9,222.4,22.5,198.9,225.3,26.4
2018-12-03T14:30,199.9,222.4,22.5,198.9,225.3,26.4
2018-12-04T12:00,199.9,222.4,22.5,198.9,225.3,26.4
2018-12-04T12:30,198.9,222.4,23.5,197.9,225.3,27.4
2018-12-05T18:30,195.9,222.4,26.5,196.9,225.3,28.4
2018-12-05T21:15,195.9,222.4,26.5,196.9,225.3,28.4
2018-12-06T16:00,195.9,222.4,26.5,196.9,225.3,28.4
2018-12-07T11:00,195.9,222.4,26.5,196.9,225.3,28.4
2018-12-22T09:15,195.9,222.4,26.5,196.9,225.3,28.4
2019-01-02T11:00,195.9,223.3,27.4,196.9,226.8,29.9
2019-01-02T11:30,195.9,223.3,27.4,196.9,226.8,29.9
2019-01-02T14:45,195.9,223.3,27.4,196.9,226.8,29.9
2019-01-03T21:30,195.9,223.3,27.4,196.9,226.8,29.9
2019-01-04T09:45,195.9,223.3,27.4,196.9,226.8,29.9
2019-01-04T15:15,195.9,223.3,27.4,196.9,226.8,29.9
2019-01-04T15:30,195.9,223.3,27.4,196.9,226.8,29.9
2019-01-04T16:30,195.9,223.2,27.3,196.9,226.7,29.8
2019-01-04T20:00,195.9,223.2,27.3,196.9,226.7,29.8
2019-01-04T20:15,195.9,223.2,27.3,196.9,226.7,29.8
2019-01-04T21:00,195.9,223.2,27.3,196.9,226.7,29.8
2019-01-04T21:15,195.9,223.2,27.3,196.9,226.7,29.8
2019-01-04T21:45,195.9,223.2,27.3,196.9,226.7,29.8
2019-01-04T22:45,195.9,223.2,27.3,196.9,226.7,29.8
2019-01-05T12:45,195.9,222.4,26.5,196.9,224.1,27.2
2019-01-05T15:00,195.9,222.4,26.5,196.9,224.1,27.2
2019-01-06T23:30,195.9,222.4,26.5,196.9,224.1,27.2
2019-01-07T10:45,195.9,221.4,25.5,196.9,222.8,25.9
2019-01-07T11:00,195.9,221.4,25.5,196.9,222.8,25.9
2019-01-07T11:30,195.9,221.4,25.5,196.9,222.8,25.9
2019-01-11T11:15,195.9,221.4,25.5,196.9,224.7,27.8
2019-01-11T11:30,195.9,221.4,25.5,196.9,224.7,27.8
2019-01-15T15:00,195.9,221.4,25.5,196.9,224.7,27.8
2019-01-15T15:45,195.9,221.4,25.5,196.9,224.7,27.8
2019-01-15T16:00,195.9,221.4,25.5,196.9,224.7,27.8
2019-01-18T10:15,195.9,221.4,25.5,196.9,222.8,25.9
2019-01-18T10:45,195.9,221.4,25.5,196.9,222.8,25.9
2019-01-21T09:00,195.9,223.4,27.5,196.9,225.1,28.2
2019-01-21T09:45,195.9,223.4,27.5,196.9,225.1,28.2
2019-01-21T16:00,195.9,223.4,27.5,196.9,225.1,28.2
2019-01-25T18:00,190.9,223.3,32.4,191.9,225.0,33.1
2019-01-25T23:30,190.9,223.3,32.4,191.9,225.0,33.1
2019-01-28T10:45,190.9,221.4,30.5,191.9,222.9,31.0
2019-01-28T17:00,190.9,221.4,30.5,191.9,222.9,31.0
2019-01-29T16:30,190.9,221.4,30.5,191.9,222.8,30.9
2019-01-30T10:45,190.9,221.4,30.5,191.9,222.8,30.9
2019-01-31T00:00,190.9,221.4,30.5,191.9,222.8,30.9
2019-01-31T08:30,190.9,222.9,32.0,191.9,223.9,32.0
2019-01-31T16:15,190.9,222.9,32.0,191.9,223.9,32.0
2019-02-04T12:00,190.9,222.9,32.0,191.9,223.9,32.0
2019-02-05T09:30,190.9,222.9,32.0,191.9,223.9,32.0
2019-02-05T10:45,190.9,222.9,32.0,191.9,223.9,32.0
2019-02-05T13:15,190.9,222.9,32.0,191.9,223.9,32.0
2019-02-06T10:00,190.9,222.9,32.0,191.9,223.9,32.0
2019-02-06T17:15,190.9,222.9,32.0,191.9,223.9,32.0
2019-02-07T12:15,189.9,222.9,33.0,190.9,223.9,33.0
2019-02-11T15:15,189.9,222.9,33.0,190.9,223.9,33.0
2019-02-11T16:45,189.9,222.9,33.0,190.9,223.9,33.0
2019-02-11T17:30,189.9,222.9,33.0,190.9,223.9,33.0
2019-02-12T10:00,189.9,222.9,33.0,190.9,223.9,33.0
2019-02-12T15:45,189.9,222.9,33.0,190.9,223.9,33.0
2019-02-15T10:45,189.9,224.8,34.9,190.9,225.8,34.9
2019-02-16T15:00,189.9,224.8,34.9,190.9,225.8,34.9
2019-02-17T12:30,189.9,224.8,34.9,190.9,225.8,34.9
2019-02-18T10:15,189.9,224.8,34.9,190.9,225.8,34.9
2019-02-18T17:00,189.9,224.8,34.9,190.9,225.8,34.9
2019-02-18T18:45,189.9,224.8,34.9,190.9,225.8,34.9
2019-02-18T19:30,189.9,224.8,34.9,190.9,225.8,34.9
2019-02-19T10:00,189.9,224.8,34.9,190.9,225.8,34.9
2019-02-19T12:45,191.9,224.8,32.9,192.9,225.8,32.9
2019-02-20T12:00,191.9,226.5,34.6,192.9,227.3,34.4
2019-02-20T12:30,191.9,226.5,34.6,192.9,227.3,34.4
2019-02-20T16:00,191.9,226.5,34.6,192.9,227.3,34.4
2019-02-20T17:15,191.9,226.5,34.6,192.9,227.3,34.4
2019-02-21T09:00,191.9,226.5,34.6,192.9,227.3,34.4
2019-02-21T11:30,191.9,226.5,34.6,192.9,227.3,34.4
2019-02-22T10:00,191.9,226.5,34.6,192.9,227.3,34.4
2019-02-28T11:45,192.9,226.5,33.6,193.9,227.3,33.4
2019-02-28T12:45,192.9,226.5,33.6,193.9,227.3,33.4
2019-02-28T20:45,192.9,226.5,33.6,193.9,227.3,33.4
2019-03-01T08:45,192.9,228.0,35.1,193.9,228.8,34.9
2019-03-01T09:15,192.9,228.0,35.1,193.9,228.8,34.9
2019-03-01T14:15,192.9,228.0,35.1,193.9,228.8,34.9
2019-03-01T19:00,192.9,228.0,35.1,193.9,228.8,34.9
2019-03-02T12:45,192.9,228.0,35.1,193.9,228.8,34.9
2019-03-04T15:45,192.9,228.0,35.1,193.9,228.8,34.9
2019-03-05T17:30,192.9,228.0,35.1,193.9,228.8,34.9
2019-03-05T22:00,192.9,228.0,35.1,193.9,228.8,34.9
2019-03-05T22:45,192.9,228.0,35.1,193.9,228.8,34.9
2019-03-07T00:00,192.9,228.0,35.1,193.9,228.8,34.9
2019-03-07T00:45,192.9,228.0,35.1,193.9,228.8,34.9
2019-03-07T08:15,192.9,228.0,35.1,193.9,228.8,34.9
2019-03-07T08:45,192.9,228.0,35.1,193.9,228.8,34.9
2019-03-07T10:00,192.9,228.0,35.1,193.9,228.8,34.9
2019-03-07T10:45,192.9,228.0,35.1,193.9,228.8,34.9
2019-03-07T12:45,192.9,229.4,36.5,193.9,230.2,36.3
2019-03-07T21:30,192.9,229.4,36.5,193.9,230.2,36.3
2019-03-08T06:00,192.9,229.4,36.5,193.9,230.2,36.3
2019-03-08T07:00,192.9,229.4,36.5,193.9,230.2,36.3
2019-03-08T09:30,192.9,229.4,36.5,193.9,230.2,36.3
2019-03-08T10:00,192.9,229.4,36.5,193.9,230.2,36.3
2019-03-08T10:45,192.9,229.4,36.5,193.9,230.2,36.3
2019-03-09T18:00,192.9,229.4,36.5,193.9,230.2,36.3
2019-03-09T18:45,192.9,229.4,36.5,193.9,230.2,36.3
2019-03-10T19:15,192.9,229.4,36.5,193.9,230.2,36.3
2019-03-11T11:00,192.9,229.4,36.5,193.9,230.2,36.3
2019-03-11T12:15,192.9,229.4,36.5,193.9,230.2,36.3
2019-03-11T12:45,192.9,229.4,36.5,193.9,230.2,36.3
2019-03-11T16:15,192.9,229.4,36.5,193.9,230.2,36.3
2019-03-11T16:45,192.9,229.4,36.5,193.9,230.2,36.3
2019-03-11T20:15,192.9,229.4,36.5,193.9,230.2,36.3
2019-03-11T21:00,192.9,229.4,36.5,193.9,230.2,36.3
2019-03-11T22:00,192.9,229.4,36.5,193.9,230.2,36.3
2019-03-12T13:15,192.9,229.4,36.5,193.9,230.2,36.3
2019-03-12T14:00,192.9,229.4,36.5,193.9,230.2,36.3
2019-03-12T23:15,192.9,229.4,36.5,193.9,230.2,36.3
2019-03-13T00:00,192.9,229.4,36.5,193.9,230.2,36.3
2019-03-13T10:00,192.9,227.9,35.0,193.9,228.7,34.8
2019-03-13T14:00,192.9,227.9,35.0,193.9,228.7,34.8
2019-03-13T18:00,192.9,227.9,35.0,193.9,228.7,34.8
2019-03-14T10:00,192.9,227.9,35.0,193.9,228.7,34.8
2019-03-14T12:00,192.9,227.9,35.0,193.9,228.7,34.8
2019-03-14T16:15,192.9,227.9,35.0,193.9,228.7,34.8
2019-03-27T19:45,192.9,229.5,36.6,193.9,228.7,34.8
2019-03-28T14:00,192.9,231.8,38.9,193.9,230.6,36.7
2019-03-28T15:15,192.9,231.8,38.9,193.9,230.6,36.7
2019-03-28T15:30,192.9,231.8,38.9,193.9,230.6,36.7
2019-03-28T16:45,192.9,231.8,38.9,193.9,230.6,36.7
2019-03-28T17:15,192.9,231.8,38.9,193.9,230.6,36.7
2019-03-28T21:00,192.9,231.8,38.9,193.9,230.6,36.7
2019-03-29T08:15,192.9,231.8,38.9,193.9,230.6,36.7
2019-03-29T08:30,192.9,231.8,38.9,193.9,230.6,36.7
2019-03-29T09:00,192.9,231.8,38.9,193.9,230.6,36.7
2019-03-29T11:45,192.9,231.8,38.9,193.9,230.6,36.7
2019-04-02T18:45,194.9,233.6,38.7,194.9,230.6,35.7
2019-04-03T16:00,194.9,233.6,38.7,194.9,230.6,35.7
2019-04-03T16:15,197.9,233.6,35.7,195.9,230.6,34.7
2019-04-03T18:15,197.9,233.6,35.7,195.9,230.6,34.7
2019-04-12T19:00,197.9,237.1,39.2,195.9,230.6,34.7
2019-04-13T09:30,197.9,237.1,39.2,195.9,230.6,34.7
2019-04-13T14:00,199.9,237.1,37.2,196.9,230.6,33.7
2019-04-13T16:45,199.9,237.1,37.2,196.9,230.6,33.7
2019-04-15T10:30,199.9,237.1,37.2,196.9,230.6,33.7
2019-04-15T11:45,199.9,237.1,37.2,196.9,230.6,33.7
2019-04-16T10:45,199.9,237.1,37.2,196.9,230.6,33.7
2019-04-16T11:15,199.9,237.1,37.2,196.9,230.6,33.7
2019-04-16T11:30,199.9,237.1,37.2,196.9,230.6,33.7
2019-04-16T12:00,199.9,237.1,37.2,196.9,230.6,33.7
2019-04-16T12:30,199.9,237.1,37.2,196.9,230.6,33.7
2019-04-16T13:00,199.9,237.1,37.2,196.9,230.6,33.7
2019-04-16T14:00,201.9,237.1,35.2,196.9,230.6,33.7
2019-04-16T14:15,201.9,237.1,35.2,196.9,230.6,33.7
2019-04-17T14:15,201.9,237.1,35.2,196.9,230.6,33.7
2019-04-17T16:15,201.9,237.1,35.2,196.9,230.6,33.7
2019-04-24T17:15,203.9,237.1,33.2,196.9,230.6,33.7
2019-04-26T09:45,203.9,239.2,35.3,196.9,231.7,34.8
2019-04-26T11:45,203.9,239.2,35.3,196.9,231.7,34.8
2019-04-26T13:45,203.9,239.2,35.3,196.9,231.7,34.8
2019-04-26T14:00,203.9,239.2,35.3,196.9,231.7,34.8
2019-04-26T14:15,203.9,239.2,35.3,196.9,231.7,34.8
2019-04-26T15:30,203.1,239.2,36.1,196.9,231.7,34.8
2019-04-26T15:45,203.9,239.2,35.3,196.9,231.7,34.8
2019-04-29T09:45,203.9,239.2,35.3,196.9,231.7,34.8
2019-05-01T00:30,205.9,239.2,33.3,197.9,231.7,33.8
2019-05-02T09:15,205.9,241.6,35.7,197.9,233.2,35.3
2019-05-02T13:00,205.9,241.6,35.7,197.9,233.2,35.3
2019-05-02T14:30,205.9,241.6,35.7,197.9,233.2,35.3
2019-05-02T16:00,205.9,241.6,35.7,197.9,233.2,35.3
2019-05-02T16:15,205.9,241.6,35.7,197.9,233.2,35.3
2019-05-02T18:00,205.9,241.6,35.7,197.9,233.2,35.3
2019-05-03T10:00,205.9,241.6,35.7,197.9,233.2,35.3
2019-05-04T00:15,206.9,241.6,34.7,198.9,233.2,34.3
2019-05-04T20:15,206.9,241.6,34.7,198.9,233.2,34.3
2019-05-05T10:45,206.9,241.6,34.7,198.9,233.2,34.3
2019-05-05T11:00,206.9,241.6,34.7,198.9,233.2,34.3
2019-05-06T15:15,206.9,241.6,34.7,198.9,233.2,34.3
2019-05-07T14:15,206.9,241.6,34.7,198.9,233.2,34.3
2019-05-08T11:30,207.9,241.6,33.7,199.9,233.2,33.3
2019-05-10T12:30,207.9,241.6,33.7,199.9,233.2,33.3
2019-05-13T12:45,207.9,241.6,33.7,199.9,233.2,33.3
2019-05-13T13:15,207.9,241.6,33.7,199.9,233.2,33.3
2019-05-20T12:30,207.9,243.6,35.7,199.9,234.2,34.3
2019-05-20T21:45,207.9,243.6,35.7,199.9,234.2,34.3
2019-05-21T10:15,207.9,243.6,35.7,199.9,234.2,34.3
2019-05-22T11:00,207.9,243.6,35.7,199.9,234.2,34.3
2019-05-22T23:15,209.9,243.6,33.7,200.9,234.2,33.3
2019-05-27T10:00,209.9,243.6,33.7,200.9,234.2,33.3
2019-05-27T10:15,209.9,243.6,33.7,200.9,234.2,33.3
2019-06-03T16:15,209.9,242.6,32.7,200.9,232.3,31.4
2019-06-05T07:47,209.9,240.6,30.7,200.9,230.7,29.8
2019-06-06T01:58,209.9,240.6,30.7,200.9,230.7,29.8
2019-06-06T21:30,209.9,240.6,30.7,200.9,230.7,29.8
2019-06-06T22:00,209.9,240.6,30.7,200.9,230.7,29.8
2019-06-07T10:00,209.9,240.5,30.6,200.9,230.6,29.7
2019-06-07T11:00,209.9,240.5,30.6,200.9,230.6,29.7
2019-06-07T11:15,209.9,240.5,30.6,200.9,230.6,29.7
2019-06-08T19:30,209.9,240.5,30.6,200.9,230.6,29.7
2019-06-12T15:00,207.9,238.7,30.8,198.9,228.5,29.6
2019-06-12T17:00,207.9,238.6,30.7,198.9,228.5,29.6
2019-06-13T08:45,207.9,238.6,30.7,198.9,228.5,29.6
2019-06-13T11:15,207.9,238.6,30.7,198.9,228.5,29.6
2019-06-13T11:30,207.9,238.6,30.7,198.9,228.5,29.6
2019-06-13T12:30,207.9,238.6,30.7,198.9,228.5,29.6
2019-06-13T13:30,207.9,238.6,30.7,198.9,228.5,29.6
2019-06-13T14:15,207.9,238.6,30.7,198.9,228.5,29.6
2019-06-13T14:45,207.9,238.6,30.7,198.9,228.5,29.6
2019-06-13T16:00,207.9,238.6,30.7,198.9,228.5,29.6
2019-06-14T11:30,207.9,238.6,30.7,198.9,228.5,29.6
2019-06-14T13:15,207.9,238.6,30.7,198.9,228.5,29.6
2019-06-16T13:21,207.9,238.6,30.7,198.9,228.5,29.6
2019-06-19T11:30,207.9,238.6,30.7,198.9,228.5,29.6
2019-06-25T14:30,207.9,238.6,30.7,198.9,228.5,29.6
2019-06-25T15:00,207.9,238.6,30.7,198.9,228.5,29.6
2019-06-25T16:15,207.9,238.6,30.7,198.9,228.5,29.6
2019-07-01T00:00,207.9,238.6,30.7,198.9,228.5,29.6
2019-07-01T13:15,207.9,238.6,30.7,198.9,228.5,29.6
2019-07-01T20:30,206.9,238.6,31.7,197.9,228.5,30.6
2019-07-01T20:45,206.9,238.6,31.7,197.9,228.5,30.6
2019-07-02T10:45,206.9,239.6,32.7,197.9,229.5,31.6
2019-07-02T15:15,206.9,239.6,32.7,197.9,229.5,31.6
2019-07-02T17:30,206.9,239.6,32.7,197.9,229.5,31.6
2019-07-03T11:30,206.9,239.6,32.7,197.9,229.5,31.6
2019-07-03T11:45,206.9,239.6,32.7,197.9,229.5,31.6
2019-07-03T13:45,206.9,239.6,32.7,197.9,229.5,31.6
2019-07-03T15:30,206.9,239.6,32.7,197.9,229.5,31.6
2019-07-03T15:45,206.9,239.6,32.7,197.9,229.5,31.6
2019-07-03T16:45,206.9,239.6,32.7,197.9,229.5,31.6
2019-07-04T00:15,206.9,239.6,32.7,197.9,229.5,31.6
2019-07-04T09:45,206.9,239.6,32.7,197.9,229.5,31.6
2019-07-10T12:45,204.9,240.9,36.0,195.9,230.5,34.6
2019-07-10T16:00,204.9,240.9,36.0,195.9,230.5,34.6
2019-07-10T19:45,204.9,240.9,36.0,195.9,230.5,34.6
2019-07-11T10:30,204.9,240.9,36.0,195.9,230.5,34.6
2019-07-11T11:00,204.9,240.9,36.0,195.9,230.5,34.6
2019-07-11T12:30,204.9,240.9,36.0,195.9,230.5,34.6
2019-07-11T13:45,204.9,240.9,36.0,195.9,230.5,34.6
2019-07-11T14:15,204.9,242.1,37.2,195.9,231.5,35.6
2019-07-11T15:30,204.9,242.1,37.2,195.9,231.5,35.6
2019-07-14T00:45,202.9,242.1,39.2,193.9,231.5,37.6
2019-07-15T11:45,202.9,242.1,39.2,193.9,231.5,37.6
2019-07-15T13:30,202.9,242.1,39.2,193.9,231.5,37.6
2019-07-15T15:15,202.9,242.1,39.2,193.9,231.5,37.6
2019-07-15T16:45,202.9,242.1,39.2,193.9,231.5,37.6
2019-07-16T10:30,202.9,242.1,39.2,193.9,231.5,37.6
2019-07-16T15:30,202.9,242.1,39.2,193.9,231.5,37.6
2019-07-18T09:15,202.9,242.1,39.2,193.9,231.5,37.6
2019-07-18T09:30,202.9,242.1,39.2,193.9,231.5,37.6
2019-07-18T16:00,202.9,242.1,39.2,193.9,231.5,37.6
2019-07-18T20:00,202.9,242.1,39.2,193.9,231.5,37.6
2019-07-18T23:45,202.9,242.1,39.2,193.9,231.5,37.6
2019-07-24T12:45,200.9,242.1,41.2,192.9,231.5,38.6
2019-07-24T15:45,200.9,242.1,41.2,192.9,231.5,38.6
2019-07-24T16:00,200.9,242.1,41.2,192.9,231.5,38.6
2019-07-24T21:15,199.9,242.1,42.2,192.9,231.5,38.6
2019-07-25T12:15,199.9,242.1,42.2,192.9,231.5,38.6
2019-07-25T13:00,199.9,242.1,42.2,192.9,231.5,38.6
2019-07-25T15:45,199.9,242.1,42.2,192.9,231.5,38.6
2019-07-25T16:00,199.9,242.1,42.2,192.9,231.5,38.6
2019-07-25T16:15,199.9,242.1,42.2,192.9,231.5,38.6
2019-07-25T18:45,199.9,239.9,40.0,192.9,229.4,36.5
2019-07-26T10:00,199.9,239.9,40.0,192.9,229.4,36.5
2019-07-26T10:15,199.9,239.9,40.0,192.9,229.3,36.4
2019-07-26T13:15,199.9,239.9,40.0,192.9,229.3,36.4
2019-07-26T17:45,199.9,239.9,40.0,192.9,229.3,36.4
2019-07-27T15:15,199.9,239.9,40.0,192.9,229.3,36.4
2019-07-29T12:45,199.9,239.9,40.0,192.9,229.3,36.4
2019-07-30T19:15,199.9,239.9,40.0,192.9,229.3,36.4
2019-07-31T13:30,199.9,239.9,40.0,192.9,229.3,36.4
2019-07-31T15:30,199.9,239.9,40.0,192.9,229.3,36.4
2019-08-01T00:00,199.9,239.9,40.0,192.9,229.3,36.4
2019-08-06T14:30,199.9,239.9,40.0,192.9,229.3,36.4
2019-08-07T11:15,199.9,238.8,38.9,192.9,229.2,36.3
2019-08-07T13:15,199.9,237.9,38.0,192.9,227.6,34.7
2019-08-07T13:30,199.9,237.9,38.0,192.9,227.6,34.7
2019-08-07T14:30,199.9,237.9,38.0,192.9,227.6,34.7
2019-08-07T15:45,199.9,237.9,38.0,192.9,227.3,34.4
2019-08-07T16:45,199.9,237.9,38.0,192.9,227.3,34.4
2019-08-08T10:00,199.9,237.9,38.0,192.9,227.3,34.4
2019-08-08T15:30,199.9,237.9,38.0,192.9,227.3,34.4
2019-08-15T15:30,199.9,237.9,38.0,192.9,227.3,34.4
2019-08-15T16:15,199.9,237.9,38.0,192.9,227.3,34.4
2019-08-23T15:00,197.9,237.9,40.0,189.9,227.3,37.4
2019-08-23T15:30,197.9,237.9,40.0,189.9,227.3,37.4
2019-08-23T16:00,197.9,237.9,40.0,189.9,227.3,37.4
2019-08-23T17:15,197.9,237.9,40.0,189.9,227.3,37.4
2019-08-23T17:30,197.9,237.9,40.0,189.9,227.3,37.4
2019-08-26T09:45,197.9,237.9,40.0,189.9,227.3,37.4
2019-09-01T00:00,197.9,237.9,40.0,189.9,227.3,37.4
2019-09-02T09:45,197.9,237.9,40.0,189.9,227.3,37.4
2019-09-04T15:00,197.9,237.9,40.0,189.9,227.3,37.4
2019-09-04T19:45,197.9,237.9,40.0,189.9,227.3,37.4
2019-09-08T16:15,195.9,237.9,42.0,187.9,227.3,39.4
2019-09-09T09:00,195.9,237.9,42.0,187.9,227.3,39.4
2019-09-09T09:15,195.9,237.9,42.0,187.9,227.3,39.4
2019-09-10T08:30,195.9,237.9,42.0,187.9,229.4,41.5
2019-09-11T13:15,195.9,237.9,42.0,187.9,229.4,41.5
2019-09-11T14:30,195.9,237.9,42.0,187.9,229.4,41.5
2019-09-11T15:15,195.9,237.9,42.0,187.9,229.4,41.5
2019-09-11T15:30,195.9,237.9,42.0,187.9,229.4,41.5
2019-09-11T15:45,195.9,237.9,42.0,187.9,229.4,41.5
2019-09-11T16:30,195.9,237.9,42.0,187.9,229.4,41.5
2019-09-11T16:45,195.9,237.9,42.0,187.9,229.4,41.5
2019-09-11T17:15,195.9,237.9,42.0,187.9,229.4,41.5
2019-09-11T18:30,195.9,237.9,42.0,187.9,229.4,41.5
2019-09-12T08:45,195.9,237.9,42.0,187.9,229.4,41.5
2019-09-12T10:15,195.9,237.9,42.0,187.9,229.4,41.5
2019-09-12T10:30,195.9,237.9,42.0,187.9,229.4,41.5
2019-09-12T11:30,195.9,237.9,42.0,187.9,229.4,41.5
2019-09-12T11:45,195.9,237.9,42.0,187.9,229.4,41.5
2019-09-12T14:00,195.9,237.9,42.0,187.9,229.4,41.5
2019-09-12T14:45,195.9,237.9,42.0,187.9,229.4,41.5
2019-09-12T17:00,195.9,237.9,42.0,187.9,229.4,41.5
2019-09-12T18:45,195.9,237.9,42.0,187.9,229.4,41.5
2019-09-13T09:15,195.9,237.9,42.0,187.9,229.4,41.5
2019-09-13T10:15,195.9,237.9,42.0,187.9,229.4,41.5
2019-09-13T10:30,195.9,237.9,42.0,187.9,229.4,41.5
2019-09-13T13:45,195.9,237.9,42.0,187.9,229.4,41.5
2019-09-13T16:00,195.9,237.9,42.0,187.9,229.4,41.5
2019-09-13T17:15,195.9,237.9,42.0,187.9,229.4,41.5
2019-09-13T19:00,195.9,237.9,42.0,187.9,229.4,41.5
2019-09-14T16:00,195.9,237.9,42.0,187.9,229.4,41.5
2019-09-14T19:45,195.9,237.9,42.0,187.9,229.4,41.5
2019-09-16T09:30,195.9,237.9,42.0,187.9,229.4,41.5
2019-09-16T10:00,195.9,237.9,42.0,187.9,229.4,41.5
2019-09-16T14:15,195.9,237.9,42.0,187.9,229.4,41.5
2019-09-16T14:45,195.9,237.9,42.0,187.9,229.4,41.5
2019-09-16T15:45,195.9,237.9,42.0,187.9,229.4,41.5
2019-09-17T09:00,195.9,239.4,43.5,187.9,231.9,44.0
2019-09-17T10:15,195.9,239.4,43.5,187.9,231.9,44.0
2019-09-17T11:30,194.9,239.4,44.5,186.9,231.9,45.0
2019-09-17T11:45,194.9,239.4,44.5,186.9,231.9,45.0
2019-09-17T12:00,194.9,239.4,44.5,186.9,231.9,45.0
2019-09-17T15:15,194.9,239.4,44.5,186.9,231.9,45.0
2019-09-17T15:30,194.9,239.4,44.5,186.9,231.9,45.0
2019-09-17T16:15,194.9,239.4,44.5,186.9,231.9,45.0
2019-09-17T17:00,194.9,239.4,44.5,186.9,231.9,45.0
2019-09-18T15:15,194.9,239.4,44.5,186.9,231.9,45.0
2019-09-18T15:30,194.9,239.4,44.5,186.9,231.9,45.0
2019-09-18T15:45,194.9,239.4,44.5,186.9,231.9,45.0
2019-09-18T17:15,194.9,239.4,44.5,186.9,231.9,45.0
2019-09-19T12:45,194.9,239.4,44.5,186.9,231.9,45.0
2019-09-19T13:15,194.9,239.4,44.5,186.9,231.9,45.0
2019-09-19T13:30,194.9,239.4,44.5,186.9,231.9,45.0
2019-09-19T15:00,194.9,239.4,44.5,186.9,231.9,45.0
2019-09-19T15:45,194.9,239.4,44.5,186.9,231.9,45.0
2019-09-19T16:30,194.9,239.4,44.5,186.9,231.9,45.0
2019-09-20T09:15,194.9,239.4,44.5,186.9,231.9,45.0
2019-09-20T10:00,194.9,239.4,44.5,186.9,231.9,45.0
2019-09-20T12:30,194.9,239.4,44.5,186.9,231.9,45.0
2019-09-20T13:30,194.9,239.4,44.5,186.9,231.9,45.0
2019-09-23T09:45,194.9,239.4,44.5,186.9,231.9,45.0
2019-09-23T16:45,194.9,239.4,44.5,186.9,231.9,45.0
2019-09-24T09:00,194.9,239.4,44.5,186.9,231.9,45.0
2019-09-24T09:30,194.9,239.4,44.5,186.9,231.9,45.0
2019-09-25T09:15,194.9,239.4,44.5,186.9,231.9,45.0
2019-09-25T10:00,194.9,239.4,44.5,186.9,231.9,45.0
2019-09-25T10:30,194.9,239.4,44.5,186.9,231.9,45.0
2019-09-25T15:00,194.9,239.4,44.5,186.9,231.9,45.0
2019-09-25T17:15,194.9,239.4,44.5,186.9,231.9,45.0
2019-09-26T09:45,194.9,239.4,44.5,186.9,231.9,45.0
2019-09-26T11:00,194.9,239.4,44.5,186.9,231.9,45.0
2019-09-26T14:45,194.9,239.4,44.5,186.9,231.9,45.0
2019-09-27T10:45,194.9,239.4,44.5,186.9,231.9,45.0
2019-09-27T11:00,194.9,239.4,44.5,186.9,231.9,45.0
2019-10-01T00:00,194.9,239.4,44.5,186.9,231.9,45.0
2019-10-01T09:00,194.9,239.4,44.5,186.9,231.9,45.0
2019-10-02T18:30,196.9,239.4,42.5,188.9,231.9,43.0
2019-10-07T10:30,196.9,239.4,42.5,188.9,231.9,43.0
2019-10-07T13:15,196.9,239.4,42.5,188.9,231.9,43.0
2019-10-07T14:45,196.9,239.4,42.5,188.9,231.9,43.0
2019-10-07T17:30,196.9,239.4,42.5,188.9,231.9,43.0
2019-10-08T22:00,196.9,239.4,42.5,188.9,231.9,43.0
2019-10-09T14:00,196.9,239.4,42.5,188.9,231.9,43.0
2019-10-13T16:00,196.9,239.4,42.5,190.9,231.9,41.0
2019-10-17T11:00,196.9,239.4,42.5,190.9,231.9,41.0
2019-10-17T14:00,196.9,239.4,42.5,190.9,231.9,41.0
2019-10-17T14:15,196.9,239.4,42.5,190.9,231.9,41.0
2019-10-22T15:15,196.9,239.4,42.5,190.9,231.9,41.0
2019-10-22T15:45,196.9,239.4,42.5,190.9,231.9,41.0
2019-10-24T19:00,198.9,239.4,40.5,192.9,231.9,39.0
2019-10-24T23:30,198.9,239.4,40.5,192.9,231.9,39.0
2019-10-30T08:00,198.9,239.4,40.5,192.9,231.9,39.0
2019-11-01T00:00,198.9,239.4,40.5,192.9,231.9,39.0
2019-11-01T08:45,198.9,239.4,40.5,192.9,231.9,39.0
2019-11-05T13:30,198.9,239.4,40.5,192.9,231.9,39.0
2019-11-05T16:30,198.9,239.4,40.5,192.9,231.9,39.0
2019-11-05T21:00,198.9,239.4,40.5,192.9,231.9,39.0
2019-11-11T09:45,198.9,239.3,40.4,192.9,231.8,38.9
2019-11-11T13:45,198.9,238.0,39.1,192.9,230.8,37.9
2019-11-11T15:30,198.9,238.0,39.1,192.9,230.8,37.9
2019-11-11T15:45,198.9,238.0,39.1,192.9,230.8,37.9
2019-11-12T12:00,198.9,238.0,39.1,192.9,230.8,37.9
2019-11-12T12:15,198.9,238.0,39.1,192.9,230.8,37.9
2019-11-12T14:00,198.9,238.0,39.1,192.9,230.8,37.9
2019-11-12T14:15,198.9,238.0,39.1,192.9,230.8,37.9
2019-11-12T16:00,198.9,238.0,39.1,192.9,230.8,37.9
2019-11-13T13:00,198.9,238.0,39.1,192.9,230.8,37.9
2019-11-13T15:15,198.9,238.0,39.1,192.9,230.8,37.9
2019-11-14T08:45,198.9,238.0,39.1,192.9,230.8,37.9
2019-11-14T09:30,198.9,238.0,39.1,192.9,230.8,37.9
2019-11-17T15:15,200.9,238.0,37.1,194.9,230.8,35.9
2019-11-22T13:45,200.9,238.0,37.1,194.9,230.8,35.9
2019-11-25T10:00,200.9,238.0,37.1,194.9,230.8,35.9
2019-11-28T11:30,200.9,238.0,37.1,194.9,230.8,35.9
2019-11-28T15:15,200.9,238.0,37.1,194.9,230.8,35.9
2019-11-28T16:00,200.9,238.0,37.1,194.9,230.8,35.9
2019-11-28T16:45,200.9,238.0,37.1,194.9,230.8,35.9
2019-11-28T17:15,200.9,238.0,37.1,194.9,232.7,37.8
2019-11-29T08:30,200.9,238.0,37.1,194.9,232.7,37.8
2019-11-29T10:00,200.9,238.0,37.1,194.9,232.7,37.8
2019-11-29T10:15,200.9,238.0,37.1,194.9,232.7,37.8
2019-11-29T12:15,200.9,238.0,37.1,194.9,232.7,37.8
2019-11-29T14:45,200.9,238.0,37.1,194.9,232.7,37.8
2019-12-01T00:00,200.9,238.0,37.1,194.9,232.7,37.8
2019-12-02T08:45,200.9,238.0,37.1,194.9,232.7,37.8
2019-12-02T11:00,200.9,238.0,37.1,194.9,232.7,37.8
2019-12-03T09:15,200.9,237.9,37.0,194.9,232.7,37.8
2019-12-03T13:30,200.9,237.9,37.0,194.9,232.7,37.8
2019-12-03T14:00,200.9,237.9,37.0,194.9,232.7,37.8
2019-12-03T16:45,200.9,236.7,35.8,194.9,229.7,34.8
2019-12-03T17:15,200.9,236.7,35.8,194.9,229.7,34.8
2019-12-03T18:15,200.9,236.7,35.8,194.9,229.7,34.8
2019-12-03T19:00,200.9,236.7,35.8,194.9,229.7,34.8
2019-12-03T21:00,200.9,236.7,35.8,194.9,229.7,34.8
2019-12-03T21:15,200.9,236.6,35.7,194.9,229.6,34.7
2019-12-04T08:45,200.9,236.6,35.7,194.9,229.6,34.7
2019-12-04T14:45,200.9,236.6,35.7,194.9,229.6,34.7
2019-12-06T07:45,200.9,236.6,35.7,196.9,229.6,32.7
2019-12-09T17:45,200.9,236.6,35.7,196.9,229.6,32.7
2019-12-09T19:45,200.9,236.6,35.7,196.9,229.6,32.7
2019-12-11T09:45,200.9,236.6,35.7,196.9,231.1,34.2
2019-12-11T16:30,200.9,236.6,35.7,196.9,231.1,34.2
2019-12-11T19:45,200.9,236.6,35.7,196.9,231.1,34.2
2019-12-12T16:00,200.9,236.6,35.7,196.9,231.1,34.2
2019-12-13T08:00,200.9,236.6,35.7,196.9,231.1,34.2
2019-12-16T16:15,200.9,238.1,37.2,196.9,233.1,36.2
2019-12-16T18:30,200.9,238.1,37.2,196.9,233.1,36.2
2019-12-16T18:45,200.9,238.1,37.2,196.9,233.1,36.2
2019-12-17T08:45,200.9,238.1,37.2,196.9,233.1,36.2
2019-12-17T10:15,200.9,238.1,37.2,196.9,233.1,36.2
2019-12-17T11:00,197.9,238.1,40.2,195.9,233.1,37.2
2019-12-17T12:30,197.9,238.1,40.2,195.9,233.1,37.2
2019-12-17T12:45,197.9,238.1,40.2,195.9,233.1,37.2
2019-12-17T13:00,197.9,238.1,40.2,195.9,233.1,37.2
2019-12-17T14:00,197.9,238.1,40.2,195.9,233.1,37.2
2019-12-18T10:00,197.9,238.1,40.2,195.9,233.1,37.2
2019-12-18T10:30,197.9,238.1,40.2,195.9,233.1,37.2
2019-12-19T10:00,197.9,238.1,40.2,195.9,233.1,37.2
2019-12-20T15:30,197.9,238.1,40.2,195.9,233.1,37.2
2019-12-23T12:00,197.9,238.1,40.2,195.9,233.1,37.2
2019-12-23T13:00,197.9,238.1,40.2,195.9,233.1,37.2
2019-12-24T09:45,197.9,238.1,40.2,195.9,233.1,37.2
2019-12-27T19:30,197.9,238.1,40.2,195.9,233.1,37.2
2019-12-30T09:00,197.9,239.6,41.7,195.9,234.6,38.7
2019-12-30T09:45,197.9,239.6,41.7,195.9,234.6,38.7
2019-12-30T10:45,197.9,239.6,41.7,195.9,234.6,38.7
2019-12-30T14:30,197.9,239.6,41.7,195.9,234.6,38.7
2019-12-30T15:15,197.9,239.6,41.7,195.9,234.6,38.7
2019-12-30T15:30,197.9,239.6,41.7,195.9,234.6,38.7
2019-12-30T16:15,197.9,239.6,41.7,195.9,234.6,38.7
2020-01-01T00:00,197.9,239.6,41.7,195.9,234.6,38.7
2020-01-01T00:30,197.9,242.9,45.0,195.9,237.7,41.8
2020-01-01T10:00,197.9,242.9,45.0,195.9,237.7,41.8
2020-01-01T10:15,197.9,242.9,45.0,195.9,237.7,41.8
2020-01-02T08:15,197.9,242.9,45.0,195.9,237.7,41.8
2020-01-02T10:00,197.9,242.9,45.0,195.9,237.7,41.8
2020-01-02T13:15,197.9,242.9,45.0,195.9,237.7,41.8
2020-01-03T09:15,197.9,242.9,45.0,195.9,237.7,41.8
2020-01-03T15:30,197.9,242.9,45.0,195.9,238.6,42.7
2020-01-03T16:00,197.9,242.9,45.0,195.9,238.6,42.7
2020-01-06T09:15,197.9,242.9,45.0,195.9,238.6,42.7
2020-01-06T09:30,197.9,242.9,45.0,195.9,238.6,42.7
2020-01-06T15:30,198.9,242.9,44.0,196.9,238.6,41.7
2020-01-06T16:00,198.9,242.9,44.0,196.9,238.6,41.7
2020-01-06T22:00,198.9,242.9,44.0,196.9,238.6,41.7
2020-01-09T09:15,198.9,242.9,44.0,196.9,238.6,41.7
2020-01-10T16:45,198.9,242.9,44.0,196.9,237.7,40.8
2020-01-11T15:45,198.9,242.9,44.0,196.9,237.7,40.8
2020-01-11T16:00,198.9,242.9,44.0,196.9,237.7,40.8
2020-01-13T08:30,198.9,242.9,44.0,196.9,237.7,40.8
2020-01-13T13:45,198.9,242.9,44.0,196.9,237.7,40.8
2020-01-14T09:30,198.9,242.9,44.0,196.9,237.7,40.8
2020-01-14T10:00,198.9,242.9,44.0,196.9,237.7,40.8
2020-01-14T12:30,198.9,242.8,43.9,196.9,235.9,39.0
2020-01-14T16:15,198.9,242.8,43.9,196.9,235.9,39.0
2020-01-15T11:15,198.9,242.8,43.9,196.9,235.9,39.0
2020-01-15T13:30,198.9,242.8,43.9,196.9,235.9,39.0
2020-01-20T09:00,198.9,242.7,43.8,196.9,235.8,38.9
2020-01-20T09:15,198.9,242.7,43.8,196.9,235.8,38.9
2020-01-20T11:15,198.9,242.7,43.8,196.9,235.8,38.9
2020-01-20T11:30,198.9,242.7,43.8,196.9,235.8,38.9
2020-01-20T12:00,198.9,242.7,43.8,196.9,235.8,38.9
2020-01-20T13:00,198.9,242.7,43.8,196.9,235.8,38.9
2020-01-21T18:45,198.9,241.8,42.9,196.9,234.8,37.9
2020-01-22T09:30,198.9,241.8,42.9,196.9,234.8,37.9
2020-01-24T10:15,198.9,242.0,43.1,196.9,234.7,37.8
2020-01-24T12:00,198.9,242.0,43.1,196.9,234.7,37.8
2020-01-24T13:30,198.9,241.7,42.8,196.9,234.7,37.8
2020-01-25T11:00,198.9,241.7,42.8,196.9,234.7,37.8
2020-01-27T08:45,198.9,240.6,41.7,196.9,233.9,37.0
2020-01-27T09:30,198.9,240.6,41.7,196.9,233.9,37.0
2020-01-27T11:00,198.9,240.6,41.7,196.9,233.9,37.0
2020-01-27T11:15,198.9,240.6,41.7,196.9,233.9,37.0
2020-01-27T12:30,198.9,240.6,41.7,196.9,233.2,36.3
2020-01-27T13:00,198.9,238.9,40.0,196.9,232.6,35.7
2020-01-27T13:15,198.9,238.9,40.0,196.9,231.9,35.0
2020-01-27T15:30,198.9,238.9,40.0,196.9,231.9,35.0
2020-01-27T15:45,198.9,238.9,40.0,196.9,231.9,35.0
2020-01-28T10:00,198.9,238.9,40.0,196.9,231.9,35.0
2020-01-28T10:15,198.9,238.9,40.0,196.9,231.9,35.0
2020-01-28T10:30,198.9,238.9,40.0,196.9,231.9,35.0
2020-01-28T11:30,198.9,238.8,39.9,196.9,231.9,35.0
2020-01-28T11:45,198.9,238.8,39.9,196.9,231.9,35.0
2020-01-28T12:15,198.9,238.8,39.9,196.9,231.8,34.9
2020-01-28T13:00,198.9,238.8,39.9,196.9,231.8,34.9
2020-01-28T13:30,198.9,237.9,39.0,196.9,230.9,34.0
2020-01-28T14:00,198.9,237.9,39.0,196.9,230.9,34.0
2020-01-28T14:15,198.9,237.9,39.0,196.9,230.9,34.0
2020-01-29T10:15,198.9,237.9,39.0,196.9,230.9,34.0
2020-01-29T10:30,198.9,237.9,39.0,196.9,230.9,34.0
2020-01-29T10:45,198.9,237.9,39.0,196.9,230.9,34.0
2020-01-29T16:00,198.9,237.9,39.0,196.9,230.9,34.0
2020-02-01T00:00,198.9,237.9,39.0,196.9,230.9,34.0
2020-02-03T13:15,198.9,237.9,39.0,196.9,230.8,33.9
2020-02-03T14:00,198.9,237.9,39.0,196.9,230.8,33.9
2020-02-03T16:00,198.9,237.9,39.0,196.9,230.8,33.9
2020-02-03T16:15,198.9,237.9,39.0,196.9,230.8,33.9
2020-02-03T17:15,198.9,237.9,39.0,196.9,230.8,33.9
2020-02-04T09:00,198.9,237.8,38.9,196.9,230.8,33.9
2020-02-04T10:00,198.9,237.8,38.9,196.9,230.8,33.9
2020-02-04T10:30,198.9,237.8,38.9,196.9,230.8,33.9
2020-02-04T10:45,198.9,237.8,38.9,196.9,230.8,33.9
2020-02-04T12:15,198.9,237.8,38.9,196.9,230.8,33.9
2020-02-04T12:30,198.9,237.8,38.9,196.9,230.8,33.9
2020-02-04T13:45,198.9,236.8,37.9,196.6,229.8,33.2
2020-02-04T14:00,198.9,236.8,37.9,196.9,229.8,32.9
2020-02-04T14:30,198.9,236.8,37.9,196.9,227.4,30.5
2020-02-04T14:45,198.9,236.8,37.9,196.9,227.4,30.5
2020-02-04T15:00,198.9,236.8,37.9,196.9,227.4,30.5
2020-02-04T15:15,198.9,236.8,37.9,196.9,227.4,30.5
2020-02-05T11:00,198.9,236.8,37.9,196.9,227.4,30.5
2020-02-05T11:15,198.9,236.8,37.9,196.9,227.4,30.5
2020-02-05T17:45,197.9,236.8,38.9,195.9,227.4,31.5
2020-02-06T09:00,197.9,236.8,38.9,195.9,227.4,31.5
2020-02-07T15:30,197.9,236.8,38.9,195.9,227.4,31.5
2020-02-07T15:45,197.9,236.8,38.9,195.9,227.4,31.5
2020-02-07T17:45,197.9,236.8,38.9,195.9,227.4,31.5
2020-02-13T15:00,197.9,236.8,38.9,195.9,227.4,31.5
2020-02-14T14:00,197.9,236.8,38.9,195.9,227.4,31.5
2020-02-14T14:15,197.9,236.8,38.9,195.9,227.4,31.5
2020-02-21T09:30,197.9,238.8,40.9,195.9,228.4,32.5
2020-02-21T18:45,197.9,238.8,40.9,195.9,228.4,32.5
2020-02-22T08:45,197.9,238.8,40.9,195.9,228.4,32.5
2020-02-22T10:30,197.9,238.8,40.9,195.9,228.4,32.5
2020-02-22T10:45,197.9,238.8,40.9,195.9,228.4,32.5
2020-02-24T11:45,197.9,238.8,40.9,195.9,228.4,32.5
2020-02-25T09:15,197.9,238.7,40.8,195.9,228.3,32.4
2020-02-25T11:00,197.9,238.7,40.8,195.9,228.3,32.4
2020-02-25T12:00,197.9,238.7,40.8,195.9,228.3,32.4
2020-02-25T15:15,197.9,238.7,40.8,195.9,228.3,32.4
2020-02-26T11:00,197.9,236.9,39.0,195.9,226.9,31.0
2020-02-26T21:15,197.9,236.9,39.0,195.9,226.9,31.0
2020-02-27T09:30,197.9,236.9,39.0,195.9,226.9,31.0
2020-02-27T09:45,197.9,236.9,39.0,195.9,226.9,31.0
2020-03-08T18:15,197.9,234.8,36.9,195.9,225.3,29.4
2020-03-09T08:15,197.9,234.8,36.9,195.9,225.3,29.4
2020-03-09T08:45,197.9,234.8,36.9,195.9,225.3,29.4
2020-03-09T09:00,197.9,234.8,36.9,195.9,225.3,29.4
2020-03-09T09:15,197.9,234.8,36.9,195.9,225.3,29.4
2020-03-09T10:15,197.9,234.8,36.9,195.9,225.3,29.4
2020-03-09T11:00,197.9,234.8,36.9,195.9,225.3,29.4
2020-03-09T11:15,197.9,232.8,34.9,195.9,224.2,28.3
2020-03-09T11:30,197.9,231.9,34.0,195.9,222.4,26.5
2020-03-09T13:00,197.9,231.9,34.0,195.9,222.4,26.5
2020-03-11T09:15,197.9,231.9,34.0,195.9,222.4,26.5
2020-03-12T10:00,196.9,231.9,35.0,193.9,222.4,28.5
2020-03-12T18:15,196.9,231.9,35.0,193.9,222.4,28.5
2020-03-13T10:15,196.9,231.8,34.9,193.9,222.4,28.5
2020-03-13T10:45,196.9,231.8,34.9,193.9,222.4,28.5
2020-03-13T11:45,196.9,231.8,34.9,193.9,222.4,28.5
2020-03-13T12:00,196.9,231.8,34.9,193.9,222.4,28.5
2020-03-13T12:15,196.9,231.8,34.9,193.9,222.4,28.5
2020-03-13T12:30,196.9,231.8,34.9,193.9,222.4,28.5
2020-03-13T12:45,196.9,231.8,34.9,193.9,222.4,28.5
2020-03-13T13:15,196.9,231.8,34.9,193.9,222.4,28.5
2020-03-13T15:45,196.9,228.9,32.0,193.9,220.4,26.5
2020-03-16T08:15,196.9,228.9,32.0,193.9,220.4,26.5
2020-03-16T09:30,196.9,228.8,31.9,193.9,220.4,26.5
2020-03-16T14:00,196.9,228.8,31.9,193.9,220.4,26.5
2020-03-16T14:30,196.9,228.8,31.9,193.9,220.4,26.5
2020-03-16T17:15,196.9,228.8,31.9,193.9,220.4,26.5
2020-03-17T09:00,196.9,227.4,30.5,193.9,220.4,26.5
2020-03-17T09:45,196.9,227.4,30.5,193.9,220.3,26.4
2020-03-17T10:00,196.9,226.8,29.9,193.9,220.3,26.4
2020-03-17T16:00,196.8,226.8,30.0,193.9,220.3,26.4
2020-03-17T18:30,196.8,226.8,30.0,193.9,220.3,26.4
2020-03-18T08:15,196.8,226.8,30.0,193.9,220.3,26.4
2020-03-18T11:00,196.8,224.9,28.1,193.9,218.8,24.9
2020-03-18T16:15,192.9,224.9,32.0,190.9,218.8,27.9
2020-03-19T09:45,192.9,224.9,32.0,190.9,218.8,27.9
2020-03-19T12:15,180.9,224.9,44.0,179.9,218.8,38.9
2020-03-20T17:15,180.9,224.9,44.0,179.9,218.8,38.9
2020-03-20T18:00,180.9,224.9,44.0,179.9,218.8,38.9
2020-03-20T18:15,180.9,224.9,44.0,179.9,218.8,38.9
2020-03-20T19:00,180.9,224.9,44.0,179.9,218.8,38.9
2020-03-23T10:30,180.9,224.8,43.9,179.9,218.8,38.9
2020-03-23T10:45,180.9,224.8,43.9,179.9,218.8,38.9
2020-03-23T13:00,180.9,224.8,43.9,179.9,218.8,38.9
2020-03-23T14:30,180.9,224.8,43.9,179.9,218.3,38.4
2020-03-23T14:45,180.9,224.8,43.9,179.9,218.3,38.4
2020-03-23T16:30,180.9,224.8,43.9,179.9,218.3,38.4
2020-03-23T19:15,180.9,222.6,41.7,179.9,217.4,37.5
2020-03-24T10:15,180.9,222.6,41.7,179.9,217.4,37.5
2020-03-24T10:30,180.9,222.6,41.7,179.9,217.4,37.5
2020-03-24T12:30,180.9,222.6,41.7,179.9,217.4,37.5
2020-03-30T16:45,180.9,222.6,41.7,179.9,217.4,37.5
2020-03-30T19:00,180.9,222.6,41.7,179.9,217.4,37.5
2020-03-31T09:15,180.9,222.6,41.7,179.9,217.4,37.5
2020-03-31T11:00,180.9,221.8,40.9,179.9,217.3,37.4
2020-03-31T12:15,180.9,219.8,38.9,179.9,215.4,35.5
2020-03-31T17:15,180.9,219.3,38.4,179.9,215.4,35.5
2020-04-02T09:00,180.9,218.9,38.0,179.9,215.4,35.5
2020-04-02T09:45,180.9,218.9,38.0,179.9,215.4,35.5
2020-04-02T15:45,180.9,218.9,38.0,179.9,215.4,35.5
2020-04-08T17:15,180.9,218.9,38.0,179.9,215.4,35.5
2020-04-09T11:15,180.9,218.9,38.0,179.9,215.4,35.5
2020-04-09T11:30,180.9,218.9,38.0,179.9,215.4,35.5
2020-04-09T15:15,180.9,218.9,38.0,179.9,215.4,35.5
2020-04-10T16:15,180.9,218.9,38.0,179.9,215.4,35.5
2020-04-14T10:00,180.9,218.8,37.9,179.9,215.3,35.4
2020-04-14T10:15,180.9,218.8,37.9,179.9,215.3,35.4
2020-04-14T16:30,180.9,218.8,37.9,179.9,215.3,35.4
2020-04-14T16:45,180.9,217.8,36.9,179.9,214.4,34.5
2020-04-15T09:45,180.9,217.8,36.9,179.9,214.4,34.5
2020-04-16T14:30,180.9,216.9,36.0,179.9,214.4,34.5
2020-04-20T13:30,180.9,216.9,36.0,179.9,214.4,34.5
2020-04-20T15:00,180.9,216.9,36.0,179.9,214.4,34.5
2020-04-21T08:15,180.9,216.9,36.0,179.9,214.4,34.5
2020-04-21T08:30,180.9,216.9,36.0,179.9,214.4,34.5
2020-04-21T10:00,180.9,216.8,35.9,179.9,214.3,34.4
2020-04-21T11:45,180.9,216.8,35.9,179.9,212.8,32.9
2020-04-21T13:00,180.9,214.9,34.0,179.9,212.4,32.5
2020-04-21T16:00,180.9,214.9,34.0,179.9,212.4,32.5
2020-04-22T09:15,180.9,214.9,34.0,179.9,212.3,32.4
2020-04-22T15:30,180.9,214.9,34.0,179.9,212.3,32.4
2020-04-22T15:45,180.9,213.8,32.9,179.9,212.3,32.4
2020-04-22T16:15,180.9,213.8,32.9,179.9,212.3,32.4
2020-04-22T16:30,180.9,213.8,32.9,179.9,212.3,32.4
2020-04-22T17:00,180.9,213.8,32.9,179.9,212.3,32.4
2020-04-23T16:45,180.9,213.8,32.9,179.9,212.3,32.4
2020-04-23T21:00,180.9,213.8,32.9,179.9,212.3,32.4
2020-04-24T10:45,180.9,211.9,31.0,179.9,210.4,30.5
2020-04-24T11:00,180.9,211.9,31.0,179.9,210.4,30.5
2020-04-24T13:00,180.9,211.9,31.0,179.9,210.4,30.5
2020-04-25T11:00,180.9,211.9,31.0,179.9,210.4,30.5
2020-04-28T09:30,180.9,211.8,30.9,179.9,210.3,30.4
2020-04-28T13:30,180.9,211.8,30.9,179.9,210.3,30.4
2020-04-28T15:00,180.9,211.8,30.9,179.9,210.3,30.4
2020-04-28T15:45,180.9,211.8,30.9,179.9,210.3,30.4
2020-04-28T16:00,180.9,210.9,30.0,179.9,208.4,28.5
2020-04-29T14:15,180.9,210.9,30.0,179.9,208.4,28.5
2020-04-29T16:45,178.9,210.9,32.0,176.9,208.4,31.5
2020-05-05T12:00,178.9,210.9,32.0,176.9,208.4,31.5
2020-05-07T10:15,178.9,210.9,32.0,176.9,208.4,31.5
2020-05-27T12:30,178.9,212.9,34.0,176.9,208.4,31.5
2020-06-09T09:00,178.9,212.9,34.0,176.9,208.4,31.5
2020-06-09T11:45,178.9,212.9,34.0,176.9,208.4,31.5
2020-06-09T15:00,178.9,212.9,34.0,176.9,209.5,32.6
2020-06-09T15:15,178.9,212.9,34.0,176.9,209.5,32.6
2020-06-10T10:15,178.9,212.9,34.0,176.9,209.5,32.6
2020-06-10T12:00,178.9,212.9,34.0,176.9,209.5,32.6
2020-06-11T09:30,178.9,214.9,36.0,176.9,209.5,32.6
2020-06-11T12:15,178.9,214.9,36.0,176.9,208.4,31.5
2020-06-11T13:30,178.9,214.9,36.0,176.9,208.4,31.5
2020-06-11T13:45,178.9,214.9,36.0,176.9,208.4,31.5
2020-06-11T14:15,178.9,214.9,36.0,176.9,208.4,31.5
2020-06-11T15:15,178.9,214.9,36.0,176.9,208.4,31.5
2020-06-12T11:15,178.9,214.9,36.0,176.9,208.4,31.5
2020-06-12T12:30,178.9,214.9,36.0,176.9,208.4,31.5
2020-06-14T18:15,178.9,214.9,36.0,176.9,208.4,31.5
2020-06-15T10:15,178.9,214.9,36.0,176.9,208.4,31.5
2020-06-18T08:45,178.9,216.9,38.0,176.9,208.4,31.5
2020-06-18T09:30,178.9,216.9,38.0,176.9,208.4,31.5
2020-06-18T13:45,178.9,216.9,38.0,176.9,208.4,31.5
2020-06-18T18:30,178.9,216.9,38.0,176.9,208.4,31.5
2020-06-19T08:15,178.9,216.9,38.0,176.9,208.4,31.5
2020-06-19T08:45,178.9,216.9,38.0,176.9,208.4,31.5
2020-06-22T09:15,178.9,218.9,40.0,176.9,209.4,32.5
2020-06-22T10:30,178.9,218.9,40.0,176.9,209.4,32.5
2020-06-22T10:45,178.9,218.9,40.0,176.9,209.4,32.5
2020-06-23T08:15,178.9,218.9,40.0,176.9,209.4,32.5
2020-06-24T08:00,178.9,218.9,40.0,176.9,209.4,32.5
2020-06-24T09:15,178.9,220.9,42.0,176.9,210.4,33.5
2020-06-24T09:30,178.9,220.9,42.0,176.9,210.4,33.5
2020-06-24T09:45,178.9,220.9,42.0,176.9,210.4,33.5
2020-06-24T10:45,178.9,220.9,42.0,176.9,210.4,33.5
2020-06-24T16:00,178.9,220.9,42.0,176.9,210.4,33.5
2020-06-24T17:45,178.9,220.9,42.0,174.9,210.4,35.5
2020-06-25T13:15,178.9,220.9,42.0,174.9,210.4,35.5
2020-06-25T13:30,178.9,220.9,42.0,174.9,210.4,35.5
2020-06-25T13:45,178.9,220.9,42.0,174.9,210.4,35.5
2020-07-03T17:45,178.9,220.9,42.0,175.9,210.4,34.5
2020-07-04T08:15,178.9,220.9,42.0,175.9,210.4,34.5
2020-07-05T11:00,178.9,220.9,42.0,175.9,210.4,34.5
2020-07-05T11:15,178.9,220.9,42.0,175.9,210.4,34.5
2020-07-05T11:30,178.9,220.9,42.0,175.9,210.4,34.5
2020-07-06T08:00,178.9,220.9,42.0,175.9,210.4,34.5
2020-07-06T09:15,178.9,222.9,44.0,175.9,211.4,35.5
2020-07-06T10:45,178.9,222.9,44.0,175.9,211.4,35.5
2020-07-06T12:45,178.9,222.9,44.0,175.9,211.4,35.5
2020-07-06T14:15,178.9,222.9,44.0,175.9,211.4,35.5
2020-07-06T14:30,178.9,222.9,44.0,175.9,211.4,35.5
2020-07-06T15:00,178.9,222.9,44.0,175.9,211.4,35.5
2020-07-06T15:15,178.9,222.9,44.0,175.9,211.4,35.5
2020-07-07T10:15,178.9,222.9,44.0,175.9,211.4,35.5
2020-07-07T11:15,178.9,222.9,44.0,175.9,211.4,35.5
2020-07-08T09:00,178.9,222.9,44.0,175.9,211.4,35.5
2020-07-08T09:45,178.9,222.9,44.0,175.9,211.4,35.5
2020-07-09T09:15,178.9,224.9,46.0,175.9,212.4,36.5
2020-07-13T09:45,178.9,224.9,46.0,175.9,212.4,36.5
2020-07-14T10:15,178.9,224.9,46.0,175.9,212.4,36.5
2020-07-14T14:30,178.9,224.9,46.0,175.9,212.4,36.5
2020-07-16T09:00,179.9,224.9,45.0,177.9,212.4,34.5
2020-07-16T10:30,179.9,224.9,45.0,177.9,212.4,34.5
2020-07-16T11:15,179.9,224.9,45.0,177.9,212.4,34.5
2020-07-16T11:45,179.9,224.9,45.0,177.9,212.4,34.5
2020-07-16T13:45,179.9,224.9,45.0,177.9,212.4,34.5
2020-07-23T15:30,179.9,224.9,45.0,177.9,212.4,34.5
2020-07-23T16:30,179.9,224.9,45.0,177.9,212.4,34.5
2020-07-28T16:00,179.9,224.9,45.0,177.9,212.4,34.5
2020-07-29T20:00,180.9,224.9,44.0,178.9,212.4,33.5
2020-07-30T11:00,180.9,224.9,44.0,178.9,212.4,33.5
2020-07-30T11:45,180.9,224.9,44.0,178.9,212.4,33.5
2020-08-01T16:15,182.9,224.9,42.0,178.9,212.4,33.5
2020-08-04T08:45,182.9,224.9,42.0,178.9,212.4,33.5
2020-08-04T09:45,182.9,224.9,42.0,178.9,212.4,33.5
2020-08-05T11:00,182.9,224.9,42.0,178.9,212.4,33.5
2020-08-07T08:15,182.9,224.9,42.0,178.9,212.4,33.5
2020-08-11T16:45,182.9,224.9,42.0,178.9,212.4,33.5
2020-08-13T15:30,182.9,224.9,42.0,178.9,212.4,33.5
2020-08-17T13:30,182.9,224.9,42.0,178.9,212.4,33.5
2020-09-07T15:45,182.9,224.9,42.0,178.9,212.4,33.5
2020-09-08T11:15,182.9,224.9,42.0,178.9,212.4,33.5
2020-09-17T12:00,182.9,224.9,42.0,178.9,212.4,33.5
2020-09-21T11:00,182.9,224.9,42.0,178.9,212.4,33.5
2020-09-21T11:30,182.9,224.9,42.0,178.9,212.4,33.5
2020-09-21T13:00,182.9,224.9,42.0,178.9,212.4,33.5
2020-09-21T13:45,182.9,224.9,42.0,178.9,212.4,33.5
2020-09-21T14:00,182.9,224.9,42.0,178.9,212.4,33.5
2020-09-21T14:15,182.9,224.9,42.0,178.9,212.4,33.5
2020-09-22T13:15,182.9,224.9,42.0,178.9,212.4,33.5
2020-09-23T15:45,182.9,224.9,42.0,178.9,212.4,33.5
2020-09-24T14:45,182.9,224.9,42.0,178.9,212.4,33.5
2020-09-28T11:45,182.9,224.9,42.0,178.9,212.4,33.5
2020-10-01T21:00,182.9,224.9,42.0,178.9,212.4,33.5
2020-10-22T08:45,182.9,224.9,42.0,178.9,212.4,33.5
2020-10-26T09:15,182.9,224.9,42.0,178.9,212.4,33.5
2020-10-26T19:15,182.9,224.9,42.0,178.9,212.4,33.5
2020-10-30T09:45,182.9,224.8,41.9,178.9,212.3,33.4
2020-10-30T10:15,182.9,224.8,41.9,178.9,212.3,33.4
2020-10-30T12:30,182.9,224.8,41.9,178.9,212.3,33.4
2020-10-30T13:30,182.9,224.8,41.9,178.9,212.3,33.4
2020-10-30T13:45,182.9,224.8,41.9,178.9,212.3,33.4
2020-11-02T15:00,182.9,222.9,40.0,178.9,210.4,31.5
2020-11-02T16:45,182.9,222.9,40.0,178.9,210.4,31.5
2020-11-02T17:15,182.9,222.9,40.0,178.9,210.4,31.5
2020-11-06T08:30,182.9,222.9,40.0,178.9,210.4,31.5
2020-11-24T11:30,182.9,222.9,40.0,178.9,210.4,31.5
2020-11-25T09:00,182.9,223.9,41.0,178.9,212.4,33.5
2020-11-25T11:00,182.9,223.9,41.0,178.9,212.4,33.5
2020-11-25T11:15,182.9,223.9,41.0,178.9,212.4,33.5
2020-11-25T11:30,182.9,223.9,41.0,178.9,212.4,33.5
2020-11-25T12:45,182.9,223.9,41.0,178.9,212.4,33.5
2020-11-25T13:00,182.9,223.9,41.0,178.9,212.4,33.5
2020-11-26T18:00,183.9,223.9,40.0,180.9,212.4,31.5
2020-11-27T09:15,183.9,223.9,40.0,180.9,212.4,31.5
2020-11-27T14:00,183.9,223.9,40.0,180.9,212.4,31.5
2020-11-27T15:00,183.9,223.9,40.0,180.9,212.4,31.5
2020-11-27T15:15,183.9,223.9,40.0,180.9,212.4,31.5
2020-11-30T13:45,183.9,223.9,40.0,180.9,212.4,31.5
2020-12-11T18:00,183.9,229.8,45.9,180.9,219.3,38.4
2020-12-14T18:38,183.9,229.8,45.9,180.9,219.3,38.4
2020-12-23T14:48,183.9,231.8,47.9,180.9,222.3,41.4
2020-12-30T17:30,183.9,231.8,47.9,180.9,222.3,41.4
2021-01-01T13:30,183.9,234.4,50.5,180.9,224.7,43.8
2021-01-03T12:30,183.9,234.4,50.5,180.9,224.7,43.8
2021-01-04T11:45,183.9,234.4,50.5,180.9,224.7,43.8
2021-01-04T12:00,183.9,234.4,50.5,180.9,224.7,43.8
2021-01-04T12:15,183.9,234.4,50.5,180.9,224.7,43.8
2021-01-04T13:00,183.9,234.4,50.5,180.9,224.7,43.8
2021-01-04T14:15,183.9,234.4,50.5,180.9,224.7,43.8
2021-01-04T16:30,183.9,233.9,50.0,180.9,224.4,43.5
2021-01-05T10:30,183.9,233.9,50.0,180.9,224.4,43.5
2021-01-05T17:15,185.9,233.9,48.0,182.9,224.4,41.5
2021-01-06T11:30,185.9,233.9,48.0,182.9,224.4,41.5
2021-01-06T11:45,185.9,233.9,48.0,182.9,224.4,41.5
2021-01-06T12:00,185.9,233.9,48.0,182.9,224.4,41.5
2021-01-07T09:45,185.9,233.9,48.0,182.9,224.4,41.5
2021-01-07T14:15,185.9,233.9,48.0,182.9,224.4,41.5
2021-01-07T15:30,185.9,233.9,48.0,182.9,224.4,41.5
2021-01-07T17:30,186.9,233.9,47.0,184.9,224.4,39.5
2021-01-08T09:00,186.9,234.9,48.0,184.9,224.4,39.5
2021-01-11T10:45,186.9,234.9,48.0,184.9,224.4,39.5
2021-01-11T12:15,186.9,234.9,48.0,184.9,224.4,39.5
2021-01-11T16:15,186.9,235.9,49.0,184.9,224.4,39.5
2021-01-13T11:00,186.9,235.9,49.0,184.9,224.4,39.5
2021-01-13T15:00,186.9,237.8,50.9,184.9,225.8,40.9
2021-01-13T16:00,186.9,237.8,50.9,184.9,225.8,40.9
2021-01-13T16:15,186.9,237.8,50.9,184.9,225.8,40.9
2021-01-13T17:15,186.9,237.8,50.9,184.9,225.8,40.9
2021-01-14T10:45,186.9,237.8,50.9,184.9,225.8,40.9
2021-01-14T11:45,186.9,237.8,50.9,184.9,225.8,40.9
2021-01-14T12:00,186.9,237.8,50.9,184.9,225.8,40.9
2021-01-15T11:30,186.9,237.8,50.9,184.9,225.8,40.9
2021-01-15T12:00,186.9,237.8,50.9,184.9,225.8,40.9
2021-01-20T09:45,186.9,237.8,50.9,184.9,225.8,40.9
2021-01-20T10:15,186.9,237.8,50.9,184.9,225.8,40.9
2021-01-20T12:30,186.9,237.8,50.9,184.9,225.8,40.9
2021-01-20T13:15,189.9,237.8,47.9,187.9,225.8,37.9
2021-01-20T13:45,189.9,237.8,47.9,187.9,225.8,37.9
2021-01-20T14:00,189.9,239.8,49.9,187.9,226.8,38.9
2021-01-20T17:45,189.9,239.8,49.9,187.9,226.8,38.9
2021-01-21T09:15,189.9,239.8,49.9,187.9,226.8,38.9
2021-01-21T09:30,189.9,239.8,49.9,187.9,226.8,38.9
2021-01-26T14:45,189.9,239.8,49.9,187.9,226.8,38.9
2021-02-02T00:30,189.9,239.8,49.9,187.9,226.8,38.9
2021-02-04T09:00,189.9,239.8,49.9,187.9,226.8,38.9
2021-02-04T10:30,189.9,239.8,49.9,187.9,226.8,38.9
2021-02-04T13:00,189.9,241.8,51.9,187.9,227.8,39.9
2021-02-04T14:45,189.9,241.8,51.9,187.9,227.8,39.9
2021-02-04T17:00,189.9,241.8,51.9,187.9,227.8,39.9
2021-02-05T14:00,189.9,241.8,51.9,187.9,227.8,39.9
2021-02-05T15:45,189.9,241.8,51.9,187.9,227.8,39.9
2021-02-05T17:15,189.9,241.8,51.9,187.9,227.8,39.9
2021-02-08T08:30,189.9,241.8,51.9,187.9,227.8,39.9
2021-02-09T11:30,189.9,241.8,51.9,187.9,227.8,39.9
2021-02-09T12:15,189.9,241.8,51.9,187.9,227.8,39.9
2021-02-09T12:30,189.9,241.8,51.9,187.9,227.8,39.9
2021-02-09T15:15,189.9,243.8,53.9,187.9,229.8,41.9
2021-02-10T08:15,189.9,243.8,53.9,187.9,229.8,41.9
2021-02-10T09:15,189.9,243.8,53.9,187.9,229.8,41.9
2021-02-10T11:45,189.9,243.8,53.9,187.9,229.8,41.9
2021-02-10T12:00,189.9,243.8,53.9,187.9,229.8,41.9
2021-02-11T10:15,189.9,243.8,53.9,187.9,229.8,41.9
2021-02-11T15:45,189.9,243.8,53.9,187.9,229.8,41.9
2021-02-11T16:30,189.9,243.8,53.9,187.9,229.8,41.9
2021-02-11T17:15,189.9,243.8,53.9,187.9,229.8,41.9
2021-02-11T17:30,190.9,243.8,52.9,188.9,229.8,40.9
2021-02-13T17:30,191.9,243.8,51.9,190.9,229.8,38.9
2021-02-15T13:45,191.9,243.8,51.9,190.9,229.8,38.9
2021-02-17T08:45,191.9,243.8,51.9,190.9,229.8,38.9
2021-02-17T12:00,191.9,243.8,51.9,190.9,229.8,38.9
2021-02-17T12:15,191.9,245.4,53.5,190.9,231.8,40.9
2021-02-17T16:00,191.9,245.4,53.5,190.9,231.8,40.9
2021-02-17T16:15,191.9,245.4,53.5,190.9,231.8,40.9
2021-02-17T17:00,191.9,245.4,53.5,190.9,231.8,40.9
2021-02-18T09:30,191.9,245.4,53.5,190.9,231.8,40.9
2021-02-18T10:45,191.9,245.4,53.5,190.9,231.8,40.9
2021-02-18T13:00,191.9,245.4,53.5,190.9,231.8,40.9
2021-02-18T14:00,191.9,245.4,53.5,190.9,231.8,40.9
2021-02-18T15:00,191.9,245.4,53.5,190.9,231.8,40.9
2021-02-18T17:30,191.9,245.4,53.5,190.9,231.8,40.9
2021-02-19T09:15,191.9,245.4,53.5,190.9,231.8,40.9
2021-02-19T09:45,191.9,245.4,53.5,190.9,231.8,40.9
2021-02-19T13:01,193.9,245.4,51.5,192.9,231.8,38.9
2021-02-19T15:15,193.9,245.4,51.5,192.9,231.8,38.9
2021-02-20T13:45,193.9,246.8,52.9,192.9,233.2,40.3
2021-02-22T08:15,193.9,246.8,52.9,192.9,233.2,40.3
2021-02-23T08:45,193.9,246.8,52.9,192.9,233.2,40.3
2021-02-23T09:00,193.9,246.8,52.9,192.9,233.2,40.3
2021-02-23T12:30,195.9,246.8,50.9,194.9,233.2,38.3
2021-02-24T16:15,195.9,246.8,50.9,194.9,233.2,38.3
2021-02-25T08:15,195.9,247.8,51.9,194.9,233.2,38.3
2021-02-25T08:45,195.9,247.8,51.9,194.9,233.2,38.3
2021-02-25T09:45,195.9,247.8,51.9,194.9,233.2,38.3
2021-02-25T10:00,195.9,247.8,51.9,194.9,233.2,38.3
2021-02-25T10:30,195.9,247.8,51.9,194.9,233.2,38.3
2021-02-25T11:45,195.9,247.8,51.9,194.9,233.2,38.3
2021-02-25T14:15,195.9,247.8,51.9,194.9,233.2,38.3
2021-02-25T15:15,195.9,247.8,51.9,194.9,233.2,38.3
2021-02-26T10:30,195.9,247.8,51.9,194.9,233.2,38.3
2021-02-26T11:45,195.9,249.8,53.9,194.9,234.8,39.9
2021-02-26T12:15,195.9,249.8,53.9,194.9,234.8,39.9
2021-02-26T12:45,195.9,249.8,53.9,194.9,234.8,39.9
2021-02-26T13:00,197.9,249.8,51.9,194.9,234.8,39.9
2021-02-26T15:00,197.9,249.8,51.9,194.9,234.8,39.9
2021-02-26T16:15,197.9,249.8,51.9,194.9,234.8,39.9
2021-02-26T16:30,197.9,249.8,51.9,194.9,234.8,39.9
2021-02-26T16:45,197.9,249.8,51.9,194.9,234.8,39.9
2021-02-28T12:30,197.9,249.8,51.9,194.9,234.8,39.9
2021-03-01T10:45,197.9,249.8,51.9,194.9,234.8,39.9
2021-03-01T11:30,197.9,249.8,51.9,194.9,234.8,39.9
2021-03-03T12:00,199.9,249.8,49.9,195.9,234.8,38.9
2021-03-05T09:15,199.9,249.8,49.9,195.9,234.8,38.9
2021-03-08T09:30,199.9,249.8,49.9,195.9,234.8,38.9
2021-03-08T09:45,199.9,249.8,49.9,195.9,234.8,38.9
2021-03-08T10:15,199.9,249.8,49.9,195.9,234.8,38.9
2021-03-08T11:00,199.9,249.8,49.9,195.9,234.8,38.9
2021-03-08T15:45,199.9,249.8,49.9,195.9,234.8,38.9
2021-03-08T16:00,199.9,252.8,52.9,195.9,235.8,39.9
2021-03-08T16:45,199.9,252.8,52.9,195.9,235.8,39.9
2021-03-08T17:15,199.9,252.8,52.9,195.9,235.8,39.9
2021-03-08T17:45,199.9,252.8,52.9,195.9,235.8,39.9
2021-03-09T13:00,199.9,252.8,52.9,195.9,235.8,39.9
2021-03-09T14:15,199.9,252.8,52.9,195.9,235.8,39.9
2021-03-11T11:00,199.9,252.8,52.9,195.9,235.8,39.9
2021-03-11T17:15,199.9,252.8,52.9,195.9,235.8,39.9
2021-03-11T18:00,201.9,252.8,50.9,197.9,235.8,37.9
2021-03-12T10:00,201.9,252.8,50.9,197.9,235.8,37.9
2021-03-12T10:15,201.9,252.8,50.9,197.9,237.8,39.9
2021-03-12T11:30,201.9,252.8,50.9,197.9,237.8,39.9
2021-03-12T11:45,201.9,252.8,50.9,197.9,237.8,39.9
2021-03-15T10:30,201.9,252.8,50.9,197.9,237.8,39.9
2021-03-15T12:15,201.9,252.8,50.9,197.9,237.8,39.9
2021-03-15T13:45,201.9,252.8,50.9,197.9,237.8,39.9
2021-03-17T10:45,201.9,252.8,50.9,197.9,237.8,39.9
2021-03-18T10:30,201.9,252.8,50.9,197.9,237.8,39.9
2021-03-19T12:45,201.9,252.8,50.9,197.9,236.8,38.9
2021-03-19T13:15,201.9,252.8,50.9,197.9,236.8,38.9
2021-03-19T15:00,201.9,252.8,50.9,197.9,236.8,38.9
2021-03-22T08:45,201.9,252.8,50.9,197.9,236.8,38.9
2021-03-22T10:30,201.9,252.8,50.9,197.9,236.8,38.9
2021-03-22T10:45,201.9,252.8,50.9,197.9,236.8,38.9
2021-03-22T11:15,201.9,252.8,50.9,197.9,236.8,38.9
2021-03-22T11:30,201.9,252.8,50.9,197.9,236.8,38.9
2021-03-22T11:45,201.9,251.8,49.9,197.9,234.8,36.9
2021-03-22T12:00,201.9,251.8,49.9,197.9,234.8,36.9
2021-03-22T15:45,201.9,251.8,49.9,197.9,234.8,36.9
2021-03-23T08:15,201.9,251.8,49.9,197.9,234.8,36.9
2021-03-23T10:00,201.9,251.8,49.9,197.9,234.8,36.9
2021-03-23T16:45,201.9,251.8,49.9,197.9,234.8,36.9
2021-03-23T17:15,201.9,251.8,49.9,197.9,234.8,36.9
2021-03-24T09:00,201.9,251.8,49.9,197.9,234.8,36.9
2021-03-24T09:30,201.9,251.8,49.9,197.9,234.8,36.9
2021-03-24T09:45,201.9,251.8,49.9,197.9,234.8,36.9
2021-03-24T10:45,201.9,251.8,49.9,197.9,233.8,35.9
2021-03-24T13:00,201.9,251.8,49.9,197.9,233.8,35.9
2021-03-24T13:45,201.9,251.8,49.9,197.9,233.8,35.9
2021-03-24T14:00,201.9,251.8,49.9,197.9,233.8,35.9
2021-03-24T16:00,201.9,251.8,49.9,197.9,233.8,35.9
2021-03-24T16:15,201.9,251.8,49.9,197.9,233.8,35.9
2021-03-25T18:45,201.9,251.8,49.9,196.9,233.8,36.9
2021-04-01T14:30,201.9,251.8,49.9,196.9,233.8,36.9
2021-04-06T11:00,201.9,251.8,49.9,196.9,233.8,36.9
2021-04-08T00:45,201.9,251.8,49.9,196.9,233.8,36.9
2021-04-16T09:00,201.9,251.8,49.9,196.9,233.8,36.9
2021-04-19T11:45,201.9,251.8,49.9,196.9,233.8,36.9
2021-04-20T10:00,201.9,251.8,49.9,196.9,233.8,36.9
2021-04-20T10:15,201.9,252.8,50.9,196.9,235.8,38.9
2021-04-20T12:00,201.9,252.8,50.9,196.9,235.8,38.9
2021-04-20T12:15,201.9,252.8,50.9,196.9,235.8,38.9
2021-04-20T12:30,201.9,252.8,50.9,196.9,235.8,38.9
2021-04-24T21:15,201.9,252.8,50.9,196.9,235.8,38.9
2021-04-24T21:30,201.9,252.8,50.9,196.9,235.8,38.9
2021-04-26T09:45,201.9,252.8,50.9,196.9,235.8,38.9
2021-04-26T12:00,201.9,252.8,50.9,196.9,233.8,36.9
2021-04-26T13:45,201.9,252.8,50.9,196.9,233.8,36.9
2021-04-26T14:00,201.9,252.8,50.9,196.9,233.8,36.9
2021-04-29T23:00,201.9,252.8,50.9,196.9,233.8,36.9
2021-05-03T11:15,201.9,252.8,50.9,196.9,233.8,36.9
2021-05-03T12:30,201.9,252.8,50.9,196.9,233.8,36.9
2021-05-03T14:15,201.9,252.8,50.9,196.9,233.8,36.9
2021-05-05T09:15,201.9,252.8,50.9,196.9,233.8,36.9
2021-05-05T11:00,201.9,252.8,50.9,196.9,233.8,36.9
2021-05-05T12:00,201.9,252.8,50.9,196.9,233.8,36.9
2021-05-06T09:00,201.9,252.8,50.9,196.9,233.8,36.9
2021-05-10T10:45,201.9,252.8,50.9,196.9,233.8,36.9
2021-05-10T11:45,201.9,252.8,50.9,196.9,233.8,36.9
2021-05-12T09:15,201.9,252.8,50.9,196.9,233.8,36.9
2021-05-12T11:15,201.9,252.8,50.9,196.9,233.8,36.9
2021-05-18T11:15,201.9,252.8,50.9,196.9,233.8,36.9
2021-06-04T17:30,201.9,252.8,50.9,196.9,236.8,39.9
2021-06-04T23:00,201.9,252.8,50.9,196.9,236.8,39.9
2021-06-07T13:00,201.9,252.8,50.9,196.9,233.8,36.9
2021-06-07T13:15,201.9,252.8,50.9,196.9,233.8,36.9
2021-06-08T10:30,201.9,252.8,50.9,196.9,233.8,36.9
2021-06-08T15:00,201.9,252.8,50.9,196.9,233.8,36.9
2021-06-11T16:30,201.9,252.8,50.9,196.9,233.8,36.9
2021-06-13T12:30,201.9,252.8,50.9,196.9,233.8,36.9
2021-06-14T09:15,201.9,252.8,50.9,196.9,233.8,36.9
2021-06-14T10:15,201.9,252.8,50.9,196.9,233.8,36.9
2021-06-14T11:30,201.9,252.8,50.9,196.9,233.8,36.9
2021-06-14T12:00,201.9,252.8,50.9,196.9,233.8,36.9
2021-06-14T13:30,201.9,252.8,50.9,196.9,233.8,36.9
2021-06-14T15:15,201.9,252.8,50.9,196.9,233.8,36.9
2021-06-14T15:30,201.9,252.8,50.9,196.9,234.8,37.9
2021-06-15T09:00,201.9,252.8,50.9,196.9,234.8,37.9
2021-06-15T11:15,201.9,253.8,51.9,196.9,236.3,39.4
2021-06-15T16:00,201.9,253.8,51.9,196.9,236.3,39.4
2021-06-15T16:15,201.9,253.8,51.9,196.9,236.3,39.4
2021-06-15T16:45,201.9,253.8,51.9,196.9,236.3,39.4
2021-06-16T09:00,201.9,253.8,51.9,196.9,236.3,39.4
2021-06-16T11:00,201.9,253.8,51.9,196.9,236.3,39.4
2021-06-16T13:00,201.9,253.8,51.9,196.9,236.3,39.4
2021-06-16T13:45,201.9,253.8,51.9,196.9,236.3,39.4
2021-06-16T15:45,201.9,253.8,51.9,196.9,236.3,39.4
2021-06-18T08:15,201.9,253.8,51.9,196.9,236.3,39.4
2021-06-21T09:45,201.9,253.8,51.9,196.9,236.3,39.4
2021-06-21T12:00,201.9,255.8,53.9,196.9,237.3,40.4
2021-06-21T12:15,201.9,255.8,53.9,196.9,237.3,40.4
2021-06-21T13:30,201.9,255.8,53.9,196.9,237.3,40.4
2021-06-21T14:45,201.9,255.8,53.9,196.9,237.3,40.4
2021-06-21T15:30,201.9,255.8,53.9,196.9,237.3,40.4
2021-06-21T15:45,201.9,255.8,53.9,196.9,237.3,40.4
2021-06-22T14:30,201.9,255.8,53.9,196.9,237.3,40.4
2021-06-22T15:15,201.9,255.8,53.9,196.9,237.3,40.4
2021-06-22T21:00,206.9,255.8,48.9,199.9,237.3,37.4
2021-06-23T09:30,206.9,255.8,48.9,199.9,237.3,37.4
2021-06-23T10:30,206.9,255.8,48.9,199.9,237.3,37.4
2021-06-23T13:30,206.9,257.8,50.9,199.9,239.3,39.4
2021-06-23T15:45,206.9,257.8,50.9,199.9,239.3,39.4
2021-06-23T16:00,206.9,257.8,50.9,199.9,239.3,39.4
2021-06-24T15:45,206.9,257.8,50.9,199.9,239.3,39.4
2021-06-24T16:00,206.9,257.8,50.9,199.9,239.3,39.4
2021-06-25T12:45,206.9,257.8,50.9,199.9,239.3,39.4
2021-06-28T10:15,208.9,257.8,48.9,201.9,239.3,37.4
2021-06-28T11:45,208.9,257.8,48.9,201.9,239.3,37.4
2021-06-28T12:00,208.9,257.8,48.9,201.9,239.3,37.4
2021-06-28T15:15,208.9,259.8,50.9,201.9,241.3,39.4
2021-06-28T15:30,208.9,259.8,50.9,201.9,241.3,39.4
2021-06-28T16:15,208.9,259.8,50.9,201.9,241.3,39.4
2021-06-28T22:15,208.9,259.8,50.9,201.9,241.3,39.4
2021-06-29T08:15,208.9,259.8,50.9,201.9,241.3,39.4
2021-06-29T08:30,208.9,259.8,50.9,201.9,241.3,39.4
2021-06-29T15:45,208.9,259.8,50.9,201.9,241.3,39.4
2021-06-29T17:15,208.9,259.8,50.9,201.9,241.3,39.4
2021-06-30T10:15,208.9,259.8,50.9,201.9,241.3,39.4
2021-06-30T10:30,208.9,259.8,50.9,201.9,241.3,39.4
2021-06-30T11:30,208.9,259.8,50.9,201.9,241.3,39.4
2021-06-30T14:30,208.9,259.8,50.9,201.9,241.3,39.4
2021-06-30T16:00,208.9,259.8,50.9,201.9,241.3,39.4
2021-07-01T00:00,208.9,259.8,50.9,201.9,241.3,39.4
2021-07-01T10:00,208.9,259.8,50.9,201.9,241.3,39.4
2021-07-01T12:30,208.9,259.8,50.9,201.9,240.3,38.4
2021-07-01T15:00,210.9,259.8,48.9,202.9,240.3,37.4
2021-07-05T09:30,210.9,259.8,48.9,202.9,240.3,37.4
2021-07-06T11:45,210.9,259.8,48.9,202.9,240.3,37.4
2021-07-06T13:30,210.9,259.8,48.9,202.9,240.3,37.4
2021-07-06T16:30,210.9,261.8,50.9,202.9,241.3,38.4
2021-07-07T14:00,210.9,261.8,50.9,202.9,241.3,38.4
2021-07-08T16:00,210.9,261.8,50.9,202.9,241.3,38.4
2021-07-17T17:45,210.9,261.8,50.9,202.9,241.3,38.4
2021-07-20T08:45,210.9,261.8,50.9,202.9,241.3,38.4
2021-07-20T10:00,210.9,261.8,50.9,202.9,241.3,38.4
2021-07-20T23:00,210.9,261.8,50.9,202.9,241.3,38.4
2021-07-21T10:00,210.9,260.8,49.9,202.9,240.3,37.4
2021-07-27T08:45,210.9,260.8,49.9,202.9,240.3,37.4
2021-07-27T12:30,210.9,262.8,51.9,202.9,242.3,39.4
2021-07-27T13:45,210.9,262.8,51.9,202.9,242.3,39.4
2021-07-27T14:00,210.9,262.8,51.9,202.9,242.3,39.4
2021-07-27T14:15,210.9,262.8,51.9,202.9,242.3,39.4
2021-07-29T21:45,212.9,262.8,49.9,203.9,242.3,38.4
2021-07-30T09:30,212.9,262.8,49.9,203.9,242.3,38.4
2021-07-30T11:30,212.9,262.8,49.9,203.9,242.3,38.4
2021-08-06T12:00,212.9,263.8,50.9,203.9,242.3,38.4
2021-08-06T12:15,212.9,263.8,50.9,203.9,242.3,38.4
2021-08-06T14:45,212.9,263.8,50.9,203.9,242.3,38.4
2021-08-06T15:00,212.9,263.8,50.9,203.9,242.3,38.4
2021-08-06T15:30,212.9,263.8,50.9,203.9,242.3,38.4
2021-08-06T16:15,212.9,263.8,50.9,203.9,242.3,38.4
2021-08-09T17:45,212.9,263.8,50.9,203.9,242.3,38.4
2021-08-10T09:00,212.9,263.8,50.9,203.9,242.3,38.4
2021-08-10T14:00,212.9,263.8,50.9,203.9,242.3,38.4
2021-08-10T15:45,212.9,263.8,50.9,203.9,242.3,38.4
2021-08-10T17:15,213.9,263.8,49.9,203.9,242.3,38.4
2021-08-20T08:45,213.9,263.8,49.9,203.9,242.3,38.4
2021-08-20T12:15,213.9,263.8,49.9,203.9,242.3,38.4
2021-08-23T08:15,213.9,263.8,49.9,203.9,242.3,38.4
2021-08-23T08:30,213.9,262.3,48.4,203.9,240.3,36.4
2021-08-23T10:00,213.9,262.3,48.4,203.9,240.3,36.4
2021-08-23T10:15,213.9,262.3,48.4,203.9,240.3,36.4
2021-09-01T20:30,213.9,262.3,48.4,203.9,241.3,37.4
2021-09-02T14:00,213.9,262.3,48.4,203.9,241.3,37.4
2021-09-02T16:00,213.9,264.3,50.4,203.9,241.3,37.4
2021-09-03T08:45,213.9,264.3,50.4,203.9,241.3,37.4
2021-09-03T10:00,213.9,264.3,50.4,203.9,242.3,38.4
2021-09-03T17:45,213.9,264.3,50.4,203.9,242.3,38.4
2021-09-09T00:00,214.9,264.3,49.4,204.9,243.3,38.4
2021-09-09T10:45,214.9,264.3,49.4,204.9,243.3,38.4
2021-09-10T08:30,214.9,264.3,49.4,204.9,243.3,38.4
2021-09-13T09:15,214.9,264.3,49.4,204.9,243.3,38.4
2021-09-13T11:30,214.9,264.3,49.4,204.9,243.3,38.4
2021-09-13T16:00,214.9,265.3,50.4,204.9,243.8,38.9
2021-09-13T17:45,214.9,265.3,50.4,204.9,243.8,38.9
2021-09-13T18:00,214.9,265.3,50.4,204.9,243.8,38.9
2021-09-13T18:15,214.9,265.3,50.4,204.9,243.8,38.9
2021-09-13T19:00,216.9,265.3,48.4,205.9,243.8,37.9
2021-09-14T09:45,216.9,265.3,48.4,205.9,243.8,37.9
2021-09-15T14:15,216.9,265.3,48.4,205.9,243.8,37.9
2021-09-16T10:00,216.9,265.3,48.4,205.9,243.8,37.9
2021-09-16T16:45,216.9,265.3,48.4,205.9,245.8,39.9
2021-09-16T19:00,216.9,265.3,48.4,205.9,245.8,39.9
2021-09-17T16:15,216.9,265.3,48.4,205.9,245.8,39.9
2021-09-17T16:45,216.9,265.3,48.4,205.9,245.8,39.9
2021-09-21T08:30,216.9,265.3,48.4,205.9,245.8,39.9
2021-09-21T09:45,216.9,265.3,48.4,205.9,245.8,39.9
2021-09-21T10:30,216.9,265.3,48.4,205.9,245.8,39.9
2021-09-21T15:00,216.9,265.3,48.4,205.9,246.8,40.9
2021-09-21T15:15,216.9,265.3,48.4,205.9,246.8,40.9
2021-09-22T13:45,216.9,265.3,48.4,205.9,246.8,40.9
2021-09-23T12:00,216.9,265.3,48.4,205.9,246.8,40.9
2021-09-25T10:45,217.9,265.3,47.4,208.9,246.8,37.9
2021-09-27T09:15,217.9,265.3,47.4,208.9,246.8,37.9
2021-09-27T09:45,217.9,265.3,47.4,208.9,246.8,37.9
2021-09-27T10:00,217.9,265.3,47.4,208.9,246.8,37.9
2021-09-27T10:45,217.9,266.8,48.9,208.9,249.3,40.4
2021-09-27T11:15,217.9,266.8,48.9,208.9,249.3,40.4
2021-09-27T11:30,217.9,266.8,48.9,208.9,249.3,40.4
2021-09-27T11:45,217.9,266.8,48.9,208.9,249.3,40.4
2021-09-27T14:15,217.9,266.8,48.9,208.9,249.3,40.4
2021-09-27T17:15,217.9,266.8,48.9,208.9,249.3,40.4
2021-09-28T09:15,217.9,266.8,48.9,208.9,249.3,40.4
2021-09-28T09:45,217.9,266.8,48.9,208.9,249.3,40.4
2021-09-28T10:00,217.9,266.8,48.9,208.9,249.3,40.4
2021-09-29T08:30,217.9,266.8,48.9,208.9,249.3,40.4
2021-09-29T10:00,217.9,266.8,48.9,208.9,249.3,40.4
2021-09-29T18:15,217.9,266.8,48.9,208.9,250.3,41.4
2021-09-30T23:00,217.9,269.8,51.9,208.9,251.8,42.9
2021-10-01T11:45,217.9,269.8,51.9,208.9,251.8,42.9
2021-10-04T18:45,218.9,269.8,50.9,210.9,251.8,40.9
2021-10-04T22:45,218.9,269.8,50.9,210.9,251.8,40.9
2021-10-05T09:00,218.9,269.8,50.9,210.9,251.8,40.9
2021-10-05T09:45,218.9,271.8,52.9,210.9,254.8,43.9
2021-10-05T10:00,218.9,271.8,52.9,210.9,254.8,43.9
2021-10-05T10:45,218.9,271.8,52.9,210.9,254.8,43.9
2021-10-05T11:00,218.9,271.8,52.9,210.9,254.8,43.9
2021-10-05T11:30,218.9,271.8,52.9,210.9,254.8,43.9
2021-10-05T13:00,218.9,271.8,52.9,210.9,254.8,43.9
2021-10-05T13:15,218.9,271.8,52.9,210.9,254.8,43.9
2021-10-05T13:45,218.9,271.8,52.9,210.9,254.8,43.9
2021-10-05T14:30,218.9,271.8,52.9,210.9,254.8,43.9
2021-10-06T10:30,218.9,271.8,52.9,210.9,254.8,43.9
2021-10-06T14:45,218.9,272.8,53.9,210.9,256.8,45.9
2021-10-06T15:15,218.9,272.8,53.9,210.9,256.8,45.9
2021-10-06T15:45,218.9,272.8,53.9,210.9,256.8,45.9
2021-10-06T18:30,218.9,272.8,53.9,210.9,256.8,45.9
2021-10-07T09:30,218.9,272.8,53.9,210.9,256.8,45.9
2021-10-11T10:00,218.9,272.8,53.9,210.9,256.8,45.9
2021-10-11T12:00,218.9,274.8,55.9,210.9,257.8,46.9
2021-10-11T13:15,218.9,274.8,55.9,210.9,257.8,46.9
2021-10-11T13:30,218.9,274.8,55.9,210.9,257.8,46.9
2021-10-11T14:00,218.9,274.8,55.9,210.9,257.8,46.9
2021-10-11T14:15,218.9,274.8,55.9,210.9,257.8,46.9
2021-10-11T14:30,218.9,274.8,55.9,210.9,257.8,46.9
2021-10-12T16:30,218.9,274.8,55.9,210.9,257.8,46.9
2021-10-12T17:15,225.9,274.8,48.9,219.9,257.8,37.9
2021-10-15T22:30,225.9,275.8,49.9,219.9,259.7,39.8
2021-10-18T18:00,225.9,275.8,49.9,219.9,258.8,38.9
2021-10-19T10:15,225.9,277.8,51.9,219.9,260.8,40.9
2021-10-19T10:30,225.9,277.8,51.9,219.9,260.8,40.9
2021-10-19T14:45,225.9,277.8,51.9,219.9,260.8,40.9
2021-10-19T17:15,225.9,277.8,51.9,219.9,260.8,40.9
2021-10-19T17:45,225.9,277.8,51.9,219.9,260.8,40.9
2021-10-19T23:00,225.9,277.8,51.9,219.9,260.8,40.9
2021-10-20T14:45,225.9,277.8,51.9,219.9,260.8,40.9
2021-10-21T19:00,229.9,277.8,47.9,222.9,260.8,37.9
2021-10-22T11:15,229.9,277.8,47.9,222.9,260.8,37.9
2021-10-22T11:30,229.9,277.8,47.9,222.9,260.8,37.9
2021-10-26T10:15,229.9,277.8,47.9,222.9,260.8,37.9
2021-10-26T17:15,229.9,279.8,49.9,222.9,261.8,38.9
2021-10-27T08:15,229.9,279.8,49.9,222.9,261.8,38.9
2021-10-27T08:30,229.9,279.8,49.9,222.9,261.8,38.9
2021-10-27T09:00,229.9,279.8,49.9,222.9,261.8,38.9
2021-10-27T10:45,229.9,279.8,49.9,222.9,261.8,38.9
2021-10-27T11:45,229.9,279.8,49.9,222.9,261.8,38.9
2021-10-27T12:45,229.9,279.8,49.9,222.9,261.8,38.9
2021-10-28T14:00,229.9,279.8,49.9,222.9,261.8,38.9
2021-10-29T11:15,229.9,279.8,49.9,222.9,261.8,38.9
2021-10-29T13:30,229.9,279.8,49.9,222.9,261.8,38.9
2021-10-29T15:15,229.9,279.8,49.9,222.9,261.8,38.9
2021-10-29T15:30,229.9,279.8,49.9,222.9,261.8,38.9
2021-11-02T13:30,229.9,279.8,49.9,222.9,261.8,38.9
2021-11-02T17:15,232.9,279.8,46.9,223.9,261.8,37.9
2021-11-05T15:45,232.9,279.8,46.9,223.9,261.8,37.9
2021-11-10T10:45,232.9,279.8,46.9,223.9,261.8,37.9
2021-11-13T23:15,232.9,279.8,46.9,223.9,261.8,37.9
2021-11-18T16:45,232.9,279.8,46.9,223.9,261.8,37.9
2021-11-19T16:30,232.9,279.8,46.9,223.9,261.8,37.9
2021-11-19T18:15,232.9,279.8,46.9,223.9,261.8,37.9
2021-11-22T09:30,232.9,279.8,46.9,223.9,261.8,37.9
2021-11-22T09:45,232.9,277.8,44.9,223.9,260.8,36.9
2021-11-22T10:15,232.9,277.8,44.9,223.9,260.8,36.9
2021-11-22T10:30,232.9,277.8,44.9,223.9,260.8,36.9
2021-11-22T14:00,232.9,277.8,44.9,223.9,260.8,36.9
2021-11-22T14:15,232.9,277.8,44.9,223.9,260.8,36.9
2021-11-23T09:45,231.9,277.8,45.9,223.9,260.8,36.9
2021-11-30T09:30,231.9,277.8,45.9,223.9,260.8,36.9
2021-11-30T10:00,231.9,277.8,45.9,223.9,260.8,36.9
2021-11-30T10:15,231.9,277.8,45.9,223.9,260.8,36.9
2021-11-30T10:30,231.9,277.8,45.9,223.9,260.8,36.9
2021-11-30T13:30,231.9,277.8,45.9,223.9,260.8,36.9
2021-11-30T13:45,231.9,275.8,43.9,223.9,258.8,34.9
2021-11-30T15:00,231.9,275.8,43.9,223.9,258.8,34.9
2021-12-01T11:15,231.9,275.8,43.9,223.9,258.8,34.9
2021-12-01T11:45,231.9,275.8,43.9,223.9,258.8,34.9
2021-12-01T16:00,231.9,275.8,43.9,223.9,258.8,34.9
2021-12-01T22:15,230.9,275.8,44.9,222.9,258.8,35.9
2021-12-08T13:00,230.9,275.8,44.9,222.9,258.8,35.9
2021-12-12T15:15,230.9,275.8,44.9,222.9,258.8,35.9
2021-12-13T08:45,230.9,275.8,44.9,222.9,258.8,35.9
2021-12-13T09:00,230.9,275.8,44.9,222.9,258.8,35.9
2021-12-16T09:00,230.9,275.8,44.9,222.9,258.8,35.9
2021-12-16T09:30,230.9,275.8,44.9,222.9,258.8,35.9
2021-12-16T09:45,230.9,275.8,44.9,222.9,258.8,35.9
2021-12-16T10:00,230.9,275.8,44.9,222.9,258.8,35.9
2021-12-16T11:15,230.9,274.8,43.9,222.9,258.8,35.9
2021-12-16T11:30,230.9,274.8,43.9,222.9,258.8,35.9
2021-12-16T14:30,230.9,274.8,43.9,222.9,258.8,35.9
