timestamp,stations_count,lowest_bensin,highest_bensin,average_bensin,common_bensin,lowest_diesel,highest_diesel,average_diesel,common_diesel
2016-04-19T00:27,48,195.3,195.3,195.3,195.3,177.8,177.8,177.8,177.8
2016-05-12T12:30,48,198.3,198.3,198.3,198.3,180.8,180.8,180.8,180.8
2016-05-17T16:15,48,198.3,198.3,198.3,198.3,183.8,183.8,183.8,183.8
2016-05-27T13:30,48,201.3,201.3,201.3,201.3,183.3,183.3,183.3,183.3
2016-06-06T10:00,48,204.3,204.3,204.3,204.3,186.8,186.8,186.8,186.8
2016-07-01T11:30,48,202.3,202.3,202.3,202.3,186.8,186.8,186.8,186.8
2016-07-11T17:15,48,199.3,199.3,199.3,199.3,185.9,185.9,185.9,185.9
2016-07-12T09:15,48,199.3,199.3,199.3,199.3,185.8,185.8,185.8,185.8
2016-07-14T11:30,48,197.3,197.3,197.3,197.3,184.8,184.8,184.8,184.8
2016-07-26T11:30,48,194.3,194.3,194.3,194.3,182.7,182.7,182.7,182.7
2016-08-02T10:45,48,191.3,191.3,191.3,191.3,179.7,179.7,179.7,179.7
2016-10-06T08:30,48,192.8,192.8,192.8,192.8,181.7,181.7,181.7,181.7
2016-10-14T14:30,48,192.8,192.8,192.8,192.8,183.7,183.7,183.7,183.7
2016-10-24T10:00,48,192.8,192.8,192.8,192.8,185.7,185.7,185.7,185.7
2016-10-24T10:30,48,193.8,193.8,193.8,193.8,185.7,185.7,185.7,185.7
2016-11-01T09:30,48,195.8,195.8,195.8,195.8,187.7,187.7,187.7,187.7
2016-11-02T11:00,48,194.8,194.8,194.8,194.8,186.7,186.7,186.7,186.7
2016-11-03T12:00,48,194.5,194.5,194.5,194.5,186.5,186.5,186.5,186.5
2016-11-03T13:00,48,193.8,193.8,193.8,193.8,186.3,186.3,186.3,186.3
2016-11-14T12:30,48,192.7,192.7,192.7,192.7,185.3,185.3,185.3,185.3
2016-11-14T16:45,48,192.6,192.6,192.6,192.6,185.3,185.3,185.3,185.3
2016-11-16T12:45,48,191.7,191.7,191.7,191.7,184.7,184.7,184.7,184.7
2016-11-17T10:00,48,191.5,191.5,191.5,191.5,184.5,184.5,184.5,184.5
2016-11-18T11:00,48,191.2,191.2,191.2,191.2,184.2,184.2,184.2,184.2
2016-12-05T12:00,48,194.2,194.2,194.2,194.2,187.2,187.2,187.2,187.2
2016-12-27T10:15,48,195.2,195.2,195.2,195.2,189.1,189.1,189.1,189.1
2017-01-04T10:00,48,201.3,201.3,201.3,201.3,194.1,194.1,194.1,194.1
2017-01-25T09:00,48,202.8,202.8,202.8,202.8,194.1,194.1,194.1,194.1
2017-02-14T09:30,48,203.8,203.8,203.8,203.8,194.1,194.1,194.1,194.1
2017-02-14T10:15,48,203.8,203.8,203.8,203.8,195.1,195.1,195.1,195.1
2017-02-27T13:30,48,201.8,201.8,201.8,201.8,193.1,193.1,193.1,193.1
2017-02-28T10:30,48,201.7,201.7,201.7,201.7,193.0,193.0,193.0,193.0
2017-02-28T11:00,48,201.3,201.3,201.3,201.3,193.0,193.0,193.0,193.0
2017-03-07T10:30,48,199.3,199.3,199.3,199.3,191.1,191.1,191.1,191.1
2017-03-20T11:45,48,197.3,197.3,197.3,197.3,189.1,189.1,189.1,189.1
2017-04-03T10:00,48,199.3,199.3,199.3,199.3,191.1,191.1,191.1,191.1
2017-04-06T09:45,48,201.3,201.3,201.3,201.3,191.1,191.1,191.1,191.1
2017-04-07T15:15,48,199.8,199.8,199.8,199.8,192.1,192.1,192.1,192.1
2017-04-07T16:30,48,201.8,201.8,201.8,201.8,192.1,192.1,192.1,192.1
2017-04-26T13:00,48,201.8,201.8,201.8,201.8,189.1,189.1,189.1,189.1
2017-05-02T12:00,48,199.8,199.8,199.8,199.8,187.1,187.1,187.1,187.1
2017-05-05T12:00,48,197.8,197.8,197.8,197.8,185.1,185.1,185.1,185.1
2017-05-23T09:00,48,197.4,197.4,197.4,197.4,184.8,184.8,184.8,184.8
2017-05-23T14:30,48,195.8,195.8,195.8,195.8,183.1,183.1,183.1,183.1
2017-06-06T11:45,48,193.3,193.3,193.3,193.3,179.8,179.8,179.8,179.8
2017-06-13T10:30,48,190.3,190.3,190.3,190.3,176.8,176.8,176.8,176.8
2017-07-06T09:30,48,192.3,192.3,192.3,192.3,178.8,178.8,178.8,178.8
2017-07-13T08:45,48,194.3,194.3,194.3,194.3,180.8,180.8,180.8,180.8
2017-07-17T10:45,48,194.3,194.3,194.3,194.3,182.8,182.8,182.8,182.8
2017-07-28T12:00,48,196.3,196.3,196.3,196.3,185.8,185.8,185.8,185.8
2017-08-15T15:15,48,198.3,198.3,198.3,198.3,187.8,187.8,187.8,187.8
2017-09-15T01:15,48,177.6,199.8,196.1,199.8,167.8,189.8,186.1,189.8
2017-09-15T01:45,48,199.8,199.8,199.8,199.8,189.8,189.8,189.8,189.8
2017-10-25T10:15,48,199.8,199.8,199.8,199.8,191.8,191.8,191.8,191.8
2017-11-08T22:00,48,203.8,203.8,203.8,203.8,195.8,195.8,195.8,195.8
2018-01-01T16:15,48,208.8,208.8,208.8,208.8,200.8,200.8,200.8,200.8
2018-01-11T12:15,48,209.2,209.2,209.2,209.2,201.2,201.2,201.2,201.2
2018-01-15T11:15,48,209.8,209.8,209.8,209.8,202.2,202.2,202.2,202.2
2018-01-18T14:45,48,208.5,208.5,208.5,208.5,202.2,202.2,202.2,202.2
2018-01-18T18:45,48,207.8,207.8,207.8,207.8,199.2,199.2,199.2,199.2
2018-01-25T16:00,48,209.7,209.7,209.7,209.7,202.2,202.2,202.2,202.2
2018-01-29T13:45,48,209.7,209.7,209.7,209.7,203.2,203.2,203.2,203.2
2018-01-30T16:15,48,210.8,210.8,210.8,210.8,203.2,203.2,203.2,203.2
2018-02-21T15:30,56,210.8,210.8,210.8,210.8,203.2,203.2,203.2,203.2
2018-02-28T00:30,56,210.8,210.8,210.8,210.8,203.2,204.2,203.2,203.2
2018-03-29T22:45,55,210.8,210.8,210.8,210.8,203.2,204.2,203.2,203.2
2018-04-11T14:45,55,212.8,212.8,212.8,212.8,205.2,206.2,205.2,205.2
2018-04-19T10:45,55,214.8,214.8,214.8,214.8,207.2,208.2,207.2,207.2
2018-04-30T14:45,55,216.8,216.8,216.8,216.8,209.2,210.2,209.2,209.2
2018-05-08T15:15,55,219.8,219.8,219.8,219.8,211.2,212.2,211.2,211.2
2018-05-09T15:45,55,219.8,220.8,219.8,219.8,211.2,212.2,211.2,211.2
2018-05-17T11:30,55,222.8,223.8,222.8,222.8,214.2,215.2,214.2,214.2
2018-05-22T14:30,55,224.8,225.8,224.8,224.8,216.2,217.2,216.2,216.2
2018-05-24T16:00,55,224.8,227.8,224.9,224.8,216.2,219.2,216.3,216.2
2018-05-24T16:30,55,226.8,227.8,226.8,226.8,218.2,219.2,218.2,218.2
2018-08-23T16:15,55,227.8,228.8,228.8,228.8,219.2,219.2,219.2,219.2
2018-08-28T22:00,55,227.8,227.9,227.9,227.9,218.3,219.2,218.3,218.3
2018-08-29T13:00,55,227.7,227.8,227.7,227.7,218.1,219.2,218.1,218.1
2018-09-06T13:15,55,227.8,228.7,228.7,228.7,219.2,221.1,221.0,221.1
2018-09-13T17:00,55,227.8,229.7,229.6,229.7,219.2,224.1,223.9,224.1
2018-09-14T10:00,55,229.7,230.7,229.7,229.7,224.1,225.1,224.1,224.1
2018-10-02T16:45,55,229.7,230.7,229.7,229.7,224.1,227.1,226.9,227.1
2018-10-02T17:00,55,229.7,230.7,229.7,229.7,225.1,227.1,227.0,227.1
2018-10-05T10:15,55,224.7,230.7,229.6,229.7,222.1,227.1,226.9,227.1
2018-10-08T11:00,55,223.7,230.7,229.5,229.7,221.1,227.1,226.8,227.1
2018-10-10T17:15,55,225.7,232.7,231.5,231.7,225.1,232.1,230.9,231.1
2018-11-10T13:45,55,222.7,229.7,228.5,228.7,225.1,232.1,230.9,231.1
2018-11-12T09:15,55,222.7,229.7,228.4,228.6,225.1,232.1,229.1,229.1
2018-11-12T10:30,55,222.6,229.7,228.4,228.6,222.1,232.1,229.0,229.1
2018-11-16T13:45,55,222.6,229.7,228.4,228.6,222.1,232.1,228.9,229.1
2018-11-21T12:00,55,219.6,226.6,225.3,225.6,221.1,228.1,226.8,227.1
2018-11-23T08:15,55,219.6,226.6,225.3,225.6,221.1,227.1,225.9,226.1
2018-11-25T18:30,55,217.6,225.6,225.2,225.6,221.1,227.1,225.9,226.1
2018-11-25T18:45,55,217.6,225.6,223.5,223.6,221.1,227.1,225.9,226.1
2018-11-25T19:30,55,217.6,224.6,223.4,223.6,221.1,227.1,225.9,226.1
2018-11-26T16:30,55,217.6,224.6,223.4,223.6,220.1,227.1,225.8,226.1
2018-11-27T10:15,55,215.6,224.6,222.5,222.6,218.1,227.1,224.1,224.1
2018-11-27T11:30,55,216.6,224.6,222.5,222.6,218.1,227.1,224.1,224.1
2018-11-27T16:15,55,216.6,224.6,222.4,222.6,218.1,227.1,224.0,224.1
2018-11-27T16:30,55,216.6,223.6,222.4,222.6,218.1,226.1,224.9,225.1
2018-11-28T08:30,55,216.6,223.6,222.4,222.6,218.1,226.1,224.0,224.1
2018-11-28T10:30,55,216.6,223.6,222.3,222.6,218.1,226.1,224.0,224.1
2018-11-28T17:15,55,216.6,223.6,222.3,222.6,218.1,226.1,223.9,224.1
2018-11-29T21:00,55,215.4,222.6,221.2,221.4,217.2,225.1,223.1,223.2
2018-11-29T21:30,55,215.4,222.4,221.2,221.4,217.2,224.2,223.0,223.2
2018-11-30T16:15,55,215.4,222.4,221.1,221.4,217.1,224.1,222.8,223.1
2019-01-04T20:00,55,214.4,222.4,221.0,221.4,212.3,224.1,222.7,223.1
2019-01-04T20:15,55,214.4,222.4,221.0,221.4,212.3,224.1,220.7,220.7
2019-01-04T21:00,55,214.4,222.4,221.0,221.4,214.7,224.1,220.7,220.7
2019-01-04T21:15,55,214.4,222.4,220.2,220.4,214.7,224.1,220.7,220.7
2019-01-04T22:45,55,214.4,222.4,220.2,220.4,214.7,224.1,220.6,220.7
2019-01-07T10:45,55,214.4,221.4,220.1,220.4,214.7,221.7,220.4,220.7
2019-01-15T16:00,55,213.2,221.4,219.9,220.4,214.7,221.7,220.3,220.7
2019-01-28T17:00,55,213.2,221.4,219.4,219.7,214.7,221.7,220.3,220.7
2019-02-05T09:30,55,213.2,221.4,219.9,220.4,214.7,221.7,220.3,220.7
2019-02-05T13:15,55,214.2,221.4,220.0,220.4,214.7,221.7,220.3,220.7
2019-02-11T17:30,55,213.8,221.4,220.0,220.4,214.7,221.7,220.3,220.7
2019-02-17T12:30,55,214.4,221.4,220.0,220.4,214.7,221.7,220.4,220.7
2019-02-18T18:45,55,215.7,222.4,221.9,222.4,216.7,222.7,222.3,222.7
2019-02-18T19:30,55,215.7,223.4,222.0,222.4,216.7,223.7,222.3,222.7
2019-02-21T09:00,55,215.7,224.1,223.4,224.1,216.7,224.2,223.6,224.2
2019-02-21T11:30,55,217.4,225.1,223.7,224.1,218.2,225.2,223.8,224.2
2019-03-01T09:15,55,218.1,225.1,223.7,224.1,218.2,225.2,223.9,224.2
2019-03-01T19:00,55,218.9,226.6,225.2,225.6,219.7,226.7,225.3,225.7
2019-03-08T09:30,55,219.6,226.6,225.2,225.6,219.7,226.7,225.4,225.7
2019-03-10T19:15,55,219.6,226.6,225.2,225.6,219.7,226.7,225.3,225.7
2019-03-13T18:00,55,219.6,226.6,225.1,225.6,219.7,226.7,225.3,225.7
2019-03-14T10:00,55,218.8,226.6,225.1,225.6,219.6,226.7,225.2,225.7
2019-03-27T19:45,56,220.4,228.1,226.7,227.1,219.7,226.7,225.3,225.7
2019-03-28T15:15,56,219.6,228.1,226.6,227.1,219.7,226.7,225.4,225.7
2019-03-28T15:30,56,219.6,228.1,226.7,227.1,219.7,226.7,225.4,225.7
2019-03-28T16:45,56,221.1,228.1,226.8,227.1,219.7,226.7,225.4,225.7
2019-03-29T08:15,56,222.7,229.4,226.9,227.1,221.5,227.5,225.5,225.7
2019-03-29T08:30,56,222.7,230.4,228.8,229.4,221.5,228.5,227.0,227.5
2019-03-29T09:00,56,222.7,230.4,228.9,229.4,221.5,228.5,227.1,227.5
2019-03-29T11:45,56,222.7,230.4,228.9,229.4,221.5,228.5,227.0,227.5
2019-04-03T18:15,56,224.5,230.4,229.1,229.4,221.5,228.5,227.0,227.5
2019-04-12T19:00,57,226.1,233.1,232.3,233.1,221.5,227.5,226.8,227.5
2019-04-15T10:30,57,226.2,233.1,232.4,233.1,221.5,227.5,226.8,227.5
2019-04-15T11:45,57,226.2,234.1,232.4,233.1,221.5,228.5,226.9,227.5
2019-04-16T10:45,57,226.2,236.1,234.1,235.1,221.5,228.5,226.9,227.5
2019-04-16T11:15,57,228.1,236.1,234.3,235.1,220.7,228.5,227.0,227.5
2019-04-16T13:00,57,228.1,236.1,234.3,235.1,220.7,228.5,226.9,227.5
2019-04-26T13:45,57,228.2,236.1,234.5,235.1,221.5,228.5,227.0,227.5
2019-04-26T14:00,57,230.1,238.2,236.4,237.2,222.1,229.8,228.2,228.8
2019-04-26T14:15,57,230.1,238.2,236.5,237.2,222.1,229.8,228.3,228.8
2019-04-29T09:45,57,230.2,238.2,236.7,237.2,222.1,229.8,228.3,228.8
2019-05-01T00:30,57,230.2,238.2,236.6,237.2,222.1,229.8,228.3,228.8
2019-05-02T13:00,57,231.2,238.2,236.8,237.2,222.8,229.8,228.4,228.8
2019-05-02T16:00,57,232.5,240.6,237.1,237.2,224.1,231.3,228.6,228.8
2019-05-02T16:15,57,232.5,240.6,239.0,239.6,224.1,231.3,229.8,230.3
2019-05-06T15:15,57,232.5,240.6,239.0,239.6,224.1,231.3,229.7,230.3
2019-05-13T12:45,57,232.5,240.6,239.0,239.6,225.1,232.3,230.7,231.3
2019-05-13T13:15,57,232.5,240.6,239.0,239.6,224.1,231.3,229.8,230.3
2019-05-20T12:30,57,234.5,242.6,241.0,241.6,225.1,232.3,230.8,231.3
2019-05-27T10:00,57,234.5,242.6,240.9,241.6,225.1,232.3,230.7,231.3
2019-06-03T16:15,57,211.3,242.6,240.1,241.6,201.9,232.3,229.9,231.3
2019-06-05T07:47,57,210.9,239.6,237.3,238.6,201.5,228.8,226.6,227.8
2019-06-06T21:30,57,210.9,239.6,237.2,238.6,201.5,228.8,226.5,227.8
2019-06-07T11:00,57,211.3,239.6,237.2,238.6,201.9,228.8,226.5,227.8
2019-06-07T11:15,57,211.3,238.6,236.7,238.6,201.9,227.8,226.0,227.8
2019-06-08T19:30,57,211.1,238.6,236.7,238.6,201.7,227.8,226.0,227.8
2019-06-13T08:45,57,209.3,238.6,236.6,238.6,199.9,227.8,225.9,227.8
2019-06-13T13:30,57,209.3,237.6,235.2,236.6,199.9,226.6,224.3,225.6
2019-06-25T16:15,57,209.3,237.6,235.2,236.6,199.8,226.6,224.3,225.6
2019-07-02T17:30,57,209.3,237.6,235.3,236.6,199.8,226.6,224.4,225.6
2019-07-03T11:30,57,209.3,238.6,236.1,237.6,199.8,226.5,225.1,226.5
2019-07-03T11:45,57,209.3,238.6,236.2,237.6,199.8,226.5,225.1,226.5
2019-07-04T09:45,57,210.3,238.6,236.2,237.6,200.8,226.5,225.2,226.5
2019-07-10T12:45,57,211.6,238.9,236.5,237.6,201.8,227.6,225.4,226.5
2019-07-10T19:45,57,210.3,238.9,236.4,237.6,200.8,227.6,225.3,226.5
2019-07-11T12:30,57,208.3,238.9,236.4,237.6,198.8,227.6,225.3,226.5
2019-07-14T00:45,57,208.3,240.1,236.3,237.6,198.8,228.6,225.3,226.5
2019-07-15T13:30,57,208.3,240.1,238.1,240.1,198.8,228.6,226.7,228.6
2019-07-15T16:45,57,206.3,240.1,238.0,240.1,196.8,228.6,226.7,228.6
2019-07-16T15:30,57,206.3,240.1,238.1,240.1,196.8,228.6,226.7,228.6
2019-07-18T09:15,57,206.3,240.1,238.2,240.1,196.8,228.6,226.8,228.6
2019-07-18T16:00,57,206.3,241.1,238.3,240.1,196.8,229.6,226.9,228.6
2019-07-18T20:00,64,206.3,241.1,238.2,240.1,196.8,229.6,226.8,228.6
2019-07-24T15:45,64,204.8,241.1,238.2,240.1,195.8,229.6,226.8,228.6
2019-07-25T15:45,64,204.8,240.1,236.0,237.1,195.8,229.6,225.4,226.6
2019-07-25T16:00,64,204.8,238.1,235.4,237.1,195.8,227.6,225.0,226.6
2019-07-26T17:45,64,202.8,238.1,235.2,237.1,195.8,227.6,225.0,226.6
2019-07-31T13:30,64,202.8,236.1,233.6,235.1,195.8,227.6,225.0,226.6
2019-08-07T15:45,64,202.8,235.1,232.8,234.1,195.8,225.6,223.3,224.6
2019-08-08T15:30,64,202.8,235.1,232.6,234.1,195.8,225.6,223.2,224.6
2019-08-23T17:15,64,200.8,235.1,232.5,234.1,192.8,225.6,223.1,224.6
2019-08-23T17:30,64,200.8,233.1,230.7,232.1,192.8,222.6,220.2,221.6
2019-09-02T09:45,64,200.8,233.1,230.6,232.1,192.8,222.6,220.2,221.6
2019-09-11T15:45,64,200.7,233.1,230.6,232.1,192.7,222.6,220.2,221.6
2019-09-11T16:30,64,200.7,235.7,232.7,234.7,192.7,224.7,221.9,223.7
2019-09-11T16:45,64,200.7,235.7,232.7,234.7,192.7,224.7,222.0,223.7
2019-09-12T08:45,64,200.6,235.7,232.7,234.7,192.6,224.7,222.0,223.7
2019-09-12T11:30,64,198.8,235.7,232.8,234.7,190.8,224.7,221.9,223.7
2019-09-12T11:45,64,198.8,235.7,232.9,234.7,190.8,224.7,222.1,223.7
2019-09-12T14:45,64,198.7,235.7,232.9,234.7,190.7,224.7,222.1,223.7
2019-09-13T09:15,64,198.6,235.7,232.9,234.7,190.6,224.7,222.1,223.7
2019-09-13T10:30,64,198.5,235.7,232.9,234.7,190.5,224.7,222.1,223.7
2019-09-13T16:00,64,198.4,235.7,232.9,234.7,190.4,224.7,222.1,223.7
2019-09-13T19:00,64,198.3,235.7,232.9,234.7,190.3,224.7,222.0,223.7
2019-09-14T19:45,64,198.2,235.7,232.9,234.7,190.2,224.7,222.0,223.7
2019-09-16T10:00,64,198.1,235.7,232.9,234.7,190.1,224.7,222.0,223.7
2019-09-16T15:45,64,198.0,235.7,232.8,234.7,190.0,224.7,222.0,223.7
2019-09-17T11:45,64,198.0,235.7,233.0,234.7,190.0,224.7,222.1,223.7
2019-09-17T12:00,64,198.0,235.6,233.0,234.6,190.0,224.6,222.1,223.6
2019-09-17T16:15,64,197.9,235.6,233.0,234.6,189.9,224.6,222.1,223.6
2019-09-18T15:15,64,197.9,235.6,233.1,234.6,189.9,224.6,222.2,223.6
2019-09-19T13:15,64,197.9,236.6,233.2,234.6,189.9,227.6,222.5,223.6
2019-09-19T13:30,64,197.9,237.6,234.8,236.6,189.9,228.6,225.6,227.6
2019-09-19T15:45,64,197.8,237.6,234.8,236.6,189.8,228.6,225.6,227.6
2019-09-20T10:00,64,197.8,237.6,234.9,236.6,189.8,228.6,226.0,227.6
2019-09-20T13:30,64,197.9,237.6,234.9,236.6,189.9,228.6,226.0,227.6
2019-09-24T09:30,64,198.8,237.6,235.0,236.6,190.8,228.6,226.0,227.6
2019-09-25T10:30,64,199.8,237.6,235.0,236.6,191.8,228.6,226.1,227.6
2019-09-26T11:00,64,200.8,237.6,235.0,236.6,192.8,228.6,226.1,227.6
2019-09-27T10:45,64,200.8,237.6,235.1,236.6,192.8,228.6,226.1,227.6
2019-10-07T13:15,64,202.8,237.6,235.1,236.6,194.8,228.6,226.2,227.6
2019-10-07T14:45,64,200.8,237.6,235.1,236.6,194.8,228.6,226.2,227.6
2019-10-17T14:15,64,202.8,237.6,235.1,236.6,196.8,228.6,226.3,227.6
2019-11-11T15:30,64,202.8,236.6,234.3,235.6,196.8,228.1,225.9,227.1
2019-11-11T15:45,64,202.8,236.6,234.3,235.6,196.8,228.1,225.8,227.1
2019-11-12T14:00,64,202.8,236.6,234.2,235.6,196.8,228.1,225.8,227.1
2019-11-14T09:30,64,204.8,236.6,234.3,235.6,198.8,228.1,225.9,227.1
2019-11-28T11:30,64,204.8,236.6,234.3,235.6,198.8,230.1,227.5,229.1
2019-11-28T16:00,64,204.8,236.6,234.3,235.6,198.8,230.1,227.6,229.1
2019-11-29T08:30,64,204.8,236.6,234.3,235.6,200.8,230.1,227.7,229.1
2019-11-29T10:00,64,204.8,236.6,234.3,235.6,200.8,230.1,227.6,229.1
2019-11-29T10:15,64,204.8,236.6,234.3,235.6,200.8,230.1,227.7,229.1
2019-12-03T13:30,64,204.8,235.6,233.4,234.5,200.8,229.1,226.5,227.5
2019-12-03T14:00,64,204.8,235.6,233.4,234.5,200.8,229.1,226.4,227.5
2019-12-03T18:15,64,203.7,235.6,233.3,234.5,199.2,229.1,226.4,227.5
2019-12-04T08:45,64,204.8,235.6,233.2,234.5,200.8,229.1,226.2,227.5
2019-12-09T17:45,64,201.7,235.6,233.1,234.5,198.7,229.1,226.2,227.5
2019-12-11T19:45,64,201.7,235.6,233.1,234.5,198.7,230.0,227.4,229.0
2019-12-13T08:00,64,201.7,235.6,233.1,234.5,200.2,230.0,227.6,229.0
2019-12-16T18:30,64,201.7,237.0,234.2,236.0,200.2,232.0,229.1,231.0
2019-12-16T18:45,64,201.7,237.0,234.2,236.0,200.2,232.0,229.2,231.0
2019-12-17T12:30,64,203.0,237.0,234.3,236.0,202.2,232.0,229.3,231.0
2019-12-17T12:45,64,203.0,237.0,234.5,236.0,202.2,232.0,229.6,231.0
2019-12-17T14:00,64,203.0,237.0,234.4,235.8,202.2,232.0,229.6,231.0
2019-12-20T15:30,64,203.0,236.8,234.4,235.8,202.2,232.0,229.6,231.0
2019-12-23T13:00,64,201.8,236.8,234.3,235.8,200.2,232.0,229.6,231.0
2019-12-30T10:45,64,201.8,238.3,235.5,237.3,200.2,233.5,230.8,232.5
2019-12-30T16:15,64,203.3,238.3,235.8,237.3,201.7,233.5,231.1,232.5
2020-01-02T08:15,64,206.7,241.7,239.1,240.7,204.9,236.7,234.2,235.7
2020-01-02T13:15,64,203.3,241.7,238.5,240.7,201.7,236.7,233.7,235.7
2020-01-03T09:15,64,203.3,238.3,235.8,237.3,201.7,233.5,231.1,232.5
2020-01-06T09:15,64,203.3,238.3,235.8,237.3,201.7,233.5,231.2,232.5
2020-01-06T16:00,64,203.3,239.8,237.1,238.8,201.7,235.5,232.8,234.5
2020-01-14T16:15,64,203.3,239.8,237.1,238.8,201.7,234.9,232.3,233.9
2020-01-15T11:15,64,203.3,239.8,237.3,238.8,201.7,234.9,232.5,233.9
2020-01-15T13:30,64,203.3,239.8,237.2,238.8,201.7,234.9,232.4,233.9
2020-01-20T11:15,64,203.3,239.8,236.4,237.3,201.7,234.9,231.7,232.5
2020-01-20T11:30,64,203.3,239.8,236.4,237.3,201.7,234.9,231.6,232.5
2020-01-20T12:00,64,203.3,238.8,236.0,237.3,201.7,233.9,231.3,232.5
2020-01-20T13:00,64,203.3,238.8,236.1,237.3,201.7,233.9,231.3,232.5
2020-01-22T09:30,64,203.3,238.8,236.0,237.3,201.7,233.9,231.3,232.5
2020-01-24T12:00,64,203.3,238.8,235.8,237.3,201.7,233.9,231.0,232.5
2020-01-25T11:00,65,203.3,238.8,235.7,237.3,201.7,233.9,230.9,232.5
2020-01-27T11:00,65,203.3,238.8,235.7,237.3,201.7,233.9,230.8,232.5
2020-01-27T11:15,65,203.3,238.8,234.7,236.1,201.7,233.9,229.6,230.9
2020-01-27T12:30,65,203.3,237.1,234.7,236.1,201.7,231.9,229.5,230.9
2020-01-27T15:30,65,203.3,237.1,234.5,236.1,201.7,231.9,229.3,230.9
2020-01-27T15:45,65,202.1,237.1,234.5,236.1,200.1,231.9,229.3,230.9
2020-01-28T12:15,65,202.1,236.1,233.7,235.1,200.1,230.7,228.3,229.7
2020-01-28T13:00,65,202.1,236.1,233.7,235.1,200.1,230.7,228.4,229.7
2020-01-28T14:15,65,202.1,236.1,233.6,235.1,200.1,230.7,228.2,229.7
2020-01-29T10:15,65,202.1,236.1,233.6,235.1,200.1,230.7,228.3,229.7
2020-02-03T16:00,65,202.1,236.1,233.6,235.1,200.1,230.7,228.2,229.7
2020-02-03T16:15,65,202.1,236.1,233.7,235.1,200.1,230.7,228.2,229.7
2020-02-03T17:15,65,202.1,236.1,233.7,235.1,200.1,230.7,227.0,227.7
2020-02-04T10:30,65,202.1,235.1,232.6,233.8,200.1,227.1,225.3,226.1
2020-02-04T10:45,65,202.1,235.1,232.6,233.8,199.9,227.1,225.3,226.1
2020-02-04T12:15,65,202.1,235.1,232.6,233.8,199.9,227.1,225.2,226.1
2020-02-04T12:30,65,202.1,234.8,232.6,233.8,199.9,227.1,225.1,226.1
2020-02-04T15:00,65,202.1,234.8,232.5,233.8,199.8,227.1,225.0,226.1
2020-02-04T15:15,65,202.1,234.8,232.4,233.8,199.8,227.1,224.8,226.1
2020-02-22T10:30,65,204.1,236.8,234.4,235.8,200.8,228.1,225.7,227.1
2020-02-22T10:45,65,204.1,236.8,234.4,235.8,200.8,228.1,225.8,227.1
2020-02-25T11:00,65,204.1,235.7,233.5,234.7,200.8,226.6,224.6,225.6
2020-02-25T12:00,65,204.1,235.7,233.5,234.7,200.8,226.6,224.4,225.6
2020-02-27T09:45,65,204.1,235.7,233.3,234.7,200.8,226.6,224.3,225.6
2020-03-08T18:15,65,202.1,234.2,231.7,233.2,199.3,225.1,222.8,224.1
2020-03-09T08:15,65,202.1,232.8,230.6,231.8,199.3,223.8,221.7,222.8
2020-03-09T09:00,65,202.1,232.8,230.4,231.8,197.9,223.8,221.5,222.8
2020-03-09T11:00,65,201.1,231.3,229.1,230.3,197.5,222.3,220.2,221.3
2020-03-09T13:00,65,201.1,231.3,229.0,230.3,197.5,222.3,220.1,221.3
2020-03-11T09:15,65,201.1,231.3,229.0,230.3,197.5,222.1,219.9,221.1
2020-03-13T12:00,65,199.1,229.8,226.2,227.3,196.5,220.1,218.2,219.1
2020-03-13T12:15,65,199.1,229.8,226.2,227.3,196.5,220.1,218.1,219.1
2020-03-13T12:30,65,199.1,229.8,226.2,227.3,196.5,220.1,218.0,219.1
2020-03-13T12:45,65,199.1,228.3,226.1,227.3,196.5,220.1,218.0,219.1
2020-03-13T13:15,65,198.1,228.3,226.1,227.3,195.5,220.1,217.9,219.1
2020-03-16T08:15,65,198.1,228.3,225.9,227.3,195.5,220.1,217.9,219.1
2020-03-16T14:00,65,197.6,226.5,224.3,225.5,195.5,220.1,217.9,219.1
2020-03-17T16:00,65,196.8,226.5,224.0,225.5,194.8,220.1,217.7,219.1
2020-03-18T08:15,65,196.8,224.8,222.6,223.8,194.8,218.8,216.6,217.8
2020-03-19T09:45,65,196.8,224.8,222.5,223.8,194.8,218.8,216.6,217.8
2020-03-20T18:00,65,196.8,224.8,222.5,223.8,194.8,218.8,216.5,217.8
2020-03-20T18:15,65,195.8,224.8,222.5,223.8,194.3,218.8,216.5,217.8
2020-03-23T14:30,65,193.8,222.6,220.3,221.6,193.3,217.4,215.2,216.4
2020-03-30T19:00,65,188.8,222.6,219.5,221.6,188.3,217.4,214.5,216.4
2020-03-31T11:00,65,188.8,219.8,215.7,216.8,188.3,214.4,210.8,211.8
2020-03-31T17:15,65,188.8,219.3,215.5,216.8,188.3,213.3,210.6,211.8
2020-04-02T09:00,65,188.8,217.8,215.5,216.8,188.3,212.8,210.6,211.8
2020-04-09T15:15,65,186.8,217.8,215.4,216.8,186.3,212.8,210.5,211.8
2020-04-10T16:15,65,186.8,217.8,215.1,216.8,186.3,212.8,210.5,211.8
2020-04-16T14:30,65,186.8,216.8,214.9,216.8,186.3,212.8,210.5,211.8
2020-04-20T15:00,65,184.8,216.8,214.8,216.8,184.3,212.8,210.4,211.8
2020-04-21T08:15,65,184.8,216.8,213.7,214.8,184.3,212.8,210.4,211.8
2020-04-21T08:30,65,184.8,216.8,213.5,214.8,184.3,212.8,210.5,211.8
2020-04-21T13:00,65,184.8,213.4,210.8,212.4,184.3,210.5,208.2,209.5
2020-04-21T16:00,65,184.8,213.4,210.9,212.4,184.3,210.5,208.2,209.5
2020-04-22T15:30,65,184.8,213.4,209.7,210.4,184.3,210.5,207.1,207.5
2020-04-22T16:15,65,184.8,213.4,209.7,210.4,183.8,210.5,207.0,207.5
2020-04-22T17:00,65,184.8,211.4,209.1,210.4,183.8,208.5,206.3,207.5
2020-04-28T13:30,65,183.4,210.4,208.1,209.4,181.4,207.5,204.5,205.5
2020-04-28T15:45,65,183.4,210.4,208.1,209.4,181.4,207.5,204.3,205.5
2020-05-05T12:00,65,183.4,210.4,208.1,209.4,181.3,207.5,204.2,205.5
2020-05-27T12:30,65,183.4,210.4,208.1,209.4,181.3,206.5,204.2,205.5
2020-06-09T11:45,65,183.4,212.2,209.5,211.2,181.3,207.7,205.1,206.7
2020-06-10T10:15,65,183.4,212.2,209.6,211.2,181.3,207.7,205.2,206.7
2020-06-11T13:30,65,183.4,212.2,209.7,211.2,181.2,207.7,205.3,206.7
2020-06-11T15:15,65,183.4,212.2,209.8,211.2,181.2,207.7,205.3,206.7
2020-06-12T12:30,65,183.4,212.2,209.8,211.2,179.8,207.7,205.3,206.7
2020-06-18T09:30,65,183.4,215.8,212.5,214.8,179.8,207.7,205.3,206.7
2020-06-19T08:15,65,183.4,215.8,213.1,214.8,179.8,207.7,205.3,206.7
2020-06-23T08:15,65,183.4,217.8,215.1,216.8,179.8,208.7,206.3,207.7
2020-06-24T08:00,65,183.4,217.8,215.1,216.8,180.8,208.7,206.3,207.7
2020-06-24T10:45,65,183.4,219.8,216.8,218.8,180.8,209.7,207.1,208.7
2020-06-25T13:30,65,183.4,219.8,217.1,218.8,180.8,209.7,207.2,208.7
2020-07-05T11:00,65,182.8,219.8,217.0,218.8,180.8,209.7,207.2,208.7
2020-07-05T11:15,65,183.4,219.8,217.1,218.8,180.8,209.7,207.2,208.7
2020-07-05T11:30,65,182.8,219.8,217.0,218.8,180.8,209.7,207.2,208.7
2020-07-06T10:45,65,183.4,221.8,218.6,220.8,180.9,210.7,208.0,209.7
2020-07-06T15:00,65,183.4,221.6,218.8,220.6,181.4,210.7,208.2,209.7
2020-07-07T11:15,65,183.4,221.6,218.6,220.6,181.4,210.7,208.2,209.7
2020-07-14T14:30,65,183.4,221.6,218.9,220.6,181.4,210.7,208.3,209.7
2020-07-16T10:30,65,183.4,221.6,218.9,220.6,181.4,211.7,209.1,210.7
2020-07-16T11:15,65,183.4,223.6,220.5,222.6,181.4,211.7,209.1,210.7
2020-07-30T11:45,65,185.4,223.6,220.6,222.6,181.4,211.7,209.1,210.7
2020-08-04T09:45,65,185.4,223.6,220.6,222.6,181.4,211.7,209.2,210.7
2020-08-17T13:30,65,185.4,223.6,220.7,222.6,181.4,211.7,209.3,210.7
2020-09-17T12:00,65,185.4,223.6,220.5,222.6,181.4,211.7,209.2,210.7
2020-09-21T13:00,65,185.4,223.6,220.1,222.6,181.4,211.7,208.8,210.7
2020-09-28T11:45,65,185.4,223.6,220.3,222.6,181.4,211.7,208.8,210.7
2020-10-30T10:15,65,185.4,222.6,219.5,221.6,181.4,210.7,207.3,208.7
2020-10-30T13:30,65,185.4,222.6,219.4,221.6,181.4,209.7,207.2,208.7
2020-11-02T16:45,65,185.4,222.6,219.3,221.6,181.4,209.7,207.1,208.7
2020-11-02T17:15,65,185.4,222.6,219.2,221.6,181.4,209.7,206.9,208.7
2020-11-06T08:30,65,185.4,222.6,219.3,221.6,181.4,209.7,207.0,208.7
2020-11-25T12:45,65,185.4,223.6,220.0,222.6,181.4,211.7,208.5,210.7
2020-11-25T13:00,65,186.4,223.6,220.2,222.6,183.4,211.7,208.8,210.7
2020-11-27T09:15,65,186.4,223.6,220.2,222.6,183.4,211.7,208.9,210.7
2020-11-27T15:15,65,186.4,223.7,220.3,222.6,183.4,211.7,208.9,210.7
2020-11-30T13:45,65,186.4,223.7,220.3,222.6,183.4,211.7,209.0,210.7
2020-12-11T18:00,65,186.4,224.6,221.1,223.6,183.4,213.7,210.8,212.7
2020-12-14T18:38,65,186.4,224.6,221.1,223.6,183.4,213.7,210.6,212.7
2020-12-23T14:48,65,187.4,226.6,222.9,225.6,185.4,216.7,213.4,215.7
2020-12-30T17:30,65,189.4,226.6,223.1,225.6,188.4,216.7,213.8,215.7
2021-01-04T11:45,65,189.4,228.6,224.7,227.6,187.8,218.2,214.6,217.2
2021-01-04T12:00,65,189.4,228.6,224.7,227.6,187.8,218.2,214.7,217.2
2021-01-04T12:15,65,189.4,228.6,224.8,227.6,188.4,218.2,215.1,217.2
2021-01-04T14:15,65,189.4,228.6,224.9,227.6,188.4,218.2,215.2,217.2
2021-01-07T15:30,65,189.4,228.6,225.0,227.6,188.4,218.2,215.4,217.2
2021-01-11T12:15,65,189.4,229.6,225.8,228.6,188.4,218.2,215.4,217.2
2021-01-13T16:00,65,189.4,231.5,227.3,230.5,188.4,219.6,216.4,218.6
2021-01-13T16:15,65,191.4,231.5,227.5,230.5,190.4,219.6,216.6,218.6
2021-01-13T17:15,65,191.4,231.5,227.6,230.5,190.4,219.6,216.7,218.6
2021-01-14T11:45,65,193.3,231.5,227.9,230.5,190.8,219.6,216.7,218.6
2021-01-14T12:00,65,193.3,231.5,228.0,230.5,190.8,219.6,216.8,218.6
2021-01-15T12:00,65,193.3,231.5,228.0,230.5,190.9,219.6,216.8,218.6
2021-01-20T12:30,65,193.3,232.5,229.1,232.5,190.9,219.6,217.4,219.6
2021-01-21T09:15,65,193.3,232.5,229.3,232.5,191.8,219.6,217.5,219.6
2021-01-21T09:30,65,193.3,233.5,229.7,232.5,191.8,220.6,217.7,219.6
2021-02-02T00:30,64,193.3,233.5,229.7,232.5,191.8,220.6,217.6,219.6
2021-02-04T10:30,64,193.3,235.5,231.2,234.5,191.8,221.6,218.4,220.6
2021-02-04T17:00,64,193.3,235.5,231.7,234.5,191.8,221.6,218.7,220.6
2021-02-05T17:15,64,193.3,235.5,231.5,234.5,191.8,221.6,218.5,220.6
2021-02-09T12:15,64,195.4,237.5,233.2,236.5,193.8,223.6,220.2,222.6
2021-02-09T12:30,64,195.4,237.5,233.5,236.5,193.8,223.6,220.5,222.6
2021-02-10T09:15,64,195.4,237.5,233.6,236.5,193.8,223.6,220.6,222.6
2021-02-10T11:45,64,195.3,237.5,233.6,236.5,192.9,223.6,220.5,222.6
2021-02-11T15:45,64,195.3,237.5,233.6,236.5,192.9,225.6,222.1,224.6
2021-02-11T16:30,64,195.3,237.5,233.6,236.5,193.8,225.6,222.2,224.6
2021-02-17T16:00,64,195.3,239.5,235.3,238.5,193.8,225.6,222.4,224.6
2021-02-17T16:15,64,197.3,239.5,235.4,238.5,195.8,225.6,222.5,224.6
2021-02-18T10:45,64,197.3,239.5,235.6,238.5,195.8,225.6,222.6,224.6
2021-02-18T13:00,64,199.3,239.5,235.7,238.5,197.8,225.6,222.7,224.6
2021-02-18T15:00,64,199.3,239.1,235.4,238.1,197.8,225.6,222.7,224.6
2021-02-18T17:30,64,197.7,239.1,235.3,238.1,196.1,225.6,222.7,224.6
2021-02-19T09:45,64,199.1,239.1,235.4,238.1,197.5,225.6,222.7,224.6
2021-02-22T08:15,64,199.1,239.1,235.3,238.1,197.5,225.6,222.7,224.6
2021-02-24T16:15,64,199.1,240.6,236.5,239.6,197.5,227.1,223.9,226.1
2021-02-25T09:45,64,199.1,240.6,236.6,239.6,197.5,227.1,223.9,226.1
2021-02-25T10:00,64,199.1,240.6,236.7,239.6,197.5,227.1,224.0,226.1
2021-02-25T10:30,64,201.3,240.6,236.9,239.6,197.8,227.1,224.0,226.1
2021-02-25T15:15,64,201.3,240.6,237.0,239.6,197.8,227.1,224.2,226.1
2021-02-26T12:45,64,202.4,242.6,238.6,241.6,199.3,228.7,225.5,227.7
2021-02-26T16:30,64,202.4,242.6,238.9,241.6,199.3,228.7,225.7,227.7
2021-02-26T16:45,64,202.7,242.6,239.0,241.6,199.3,228.7,225.7,227.7
2021-03-01T11:30,64,203.3,242.6,239.0,241.6,199.3,228.7,225.7,227.7
2021-03-08T09:45,64,203.3,243.7,239.8,242.7,199.3,228.7,225.7,227.7
2021-03-08T10:15,64,203.3,243.7,239.8,242.7,199.3,229.7,226.5,228.7
2021-03-08T15:45,64,203.3,243.7,239.9,242.7,199.3,229.7,226.5,228.7
2021-03-08T16:45,64,203.3,243.7,239.8,242.7,199.3,229.7,226.5,228.7
2021-03-08T17:15,64,203.3,243.7,240.0,242.7,199.3,229.7,226.7,228.7
2021-03-08T17:45,64,203.3,243.7,240.1,242.7,199.3,229.7,226.7,228.7
2021-03-09T14:15,64,205.3,243.7,240.1,242.7,200.4,229.7,226.7,228.7
2021-03-11T11:00,64,205.3,246.7,242.4,245.7,200.4,230.7,228.1,230.7
2021-03-12T10:00,64,205.3,246.7,242.6,245.7,200.4,230.7,228.1,230.7
2021-03-12T11:30,64,205.3,246.7,242.8,245.7,200.4,230.7,228.3,230.7
2021-03-12T11:45,64,205.3,246.7,243.0,245.7,200.4,230.7,228.4,230.7
2021-03-19T13:15,64,205.3,246.7,243.0,245.7,200.3,230.7,228.4,230.7
2021-03-19T15:00,64,205.3,246.7,242.9,245.6,200.3,230.7,228.3,230.6
2021-03-22T10:30,64,205.3,245.6,242.1,244.6,199.7,230.6,227.5,229.6
2021-03-22T15:45,64,205.3,245.6,241.9,244.6,199.7,229.6,227.3,229.6
2021-03-23T08:15,64,205.3,244.6,241.7,244.6,199.7,229.6,227.3,229.6
2021-03-23T10:00,64,205.3,243.7,241.0,243.6,199.7,228.6,226.5,228.6
2021-03-24T09:30,64,205.3,243.7,240.3,242.5,199.7,228.6,225.3,226.5
2021-03-24T09:45,64,205.3,243.7,240.1,242.5,199.7,227.6,224.9,226.5
2021-03-24T13:45,64,205.3,243.7,240.0,242.5,199.7,227.6,224.7,226.5
2021-03-24T16:00,64,205.3,242.5,240.2,242.5,199.7,226.5,224.8,226.5
2021-03-24T16:15,64,205.3,242.5,239.9,242.5,199.7,226.5,224.5,226.5
2021-04-20T12:00,64,205.3,243.5,240.6,243.5,199.7,227.5,225.3,227.5
2021-04-20T12:15,64,205.3,243.5,240.8,243.5,199.7,227.5,225.4,227.5
2021-04-24T21:15,64,205.3,243.5,239.1,242.5,199.7,226.5,224.1,226.5
2021-04-26T09:45,64,205.3,242.6,239.1,242.5,199.7,226.5,224.1,226.5
2021-04-26T14:00,64,205.3,242.5,239.0,242.5,199.7,226.5,224.0,226.5
2021-05-03T12:30,64,205.3,242.5,238.8,242.5,199.7,226.5,224.0,226.5
2021-05-05T12:00,64,205.3,242.5,238.7,242.5,199.7,226.5,224.0,226.5
2021-05-10T11:45,64,205.3,242.5,238.6,242.5,199.7,226.5,224.0,226.5
2021-06-08T10:30,64,205.3,244.5,240.1,244.5,199.7,227.5,224.8,227.5
2021-06-08T15:00,64,205.3,244.5,240.3,244.5,199.7,227.5,224.8,227.5
2021-06-13T12:30,64,204.3,244.5,240.2,244.5,200.7,227.5,224.9,227.5
2021-06-14T09:15,64,204.3,244.5,240.2,244.5,199.7,227.5,224.8,227.5
2021-06-14T10:15,64,205.3,244.5,240.3,244.5,199.7,227.5,224.8,227.5
2021-06-14T11:30,64,204.3,244.5,240.2,244.5,199.7,227.5,224.8,227.5
2021-06-14T12:00,64,204.3,244.5,240.1,244.5,199.7,227.5,224.7,227.5
2021-06-14T13:30,64,205.3,244.5,240.2,244.5,199.7,227.5,224.7,227.5
2021-06-15T16:00,64,205.3,245.5,240.8,245.5,199.7,229.0,225.7,229.0
2021-06-15T16:45,64,207.3,245.5,241.6,245.5,200.7,229.0,226.3,229.0
2021-06-16T09:00,64,205.4,245.5,241.4,245.5,200.4,229.0,226.3,229.0
2021-06-16T13:00,64,205.4,245.5,241.5,245.5,200.4,229.0,226.4,229.0
2021-06-18T08:15,64,207.3,245.5,241.6,245.5,200.7,229.0,226.5,229.0
2021-06-21T12:15,64,207.3,247.5,242.8,247.5,200.7,230.0,227.1,230.0
2021-06-21T13:30,64,207.3,247.5,242.9,247.5,200.7,230.0,227.1,230.0
2021-06-21T15:30,64,207.3,247.5,243.3,247.5,200.7,230.5,227.4,230.0
2021-06-21T15:45,64,209.3,247.5,243.5,247.5,202.7,230.5,227.6,230.0
2021-06-22T15:15,64,209.3,247.5,243.6,247.5,202.7,230.5,227.7,230.0
2021-06-23T15:45,64,209.3,249.5,245.2,249.5,202.7,232.5,229.3,232.0
2021-06-23T16:00,64,209.3,249.5,245.4,249.5,202.7,232.5,229.8,232.5
2021-06-24T16:00,64,211.3,249.5,245.5,249.5,204.7,232.5,229.9,232.5
2021-06-28T11:45,64,211.3,251.7,246.8,251.7,204.7,234.5,231.1,234.5
2021-06-28T12:00,64,211.3,251.7,246.9,251.7,204.7,234.5,231.2,234.5
2021-06-28T16:15,64,211.3,251.7,247.4,251.7,204.7,234.5,231.5,234.5
2021-06-29T08:15,64,211.3,251.7,247.7,251.7,204.7,234.5,231.7,234.5
2021-06-30T11:30,64,213.3,251.7,247.8,251.7,205.7,234.5,231.8,234.5
2021-07-07T14:00,64,213.3,253.5,249.0,253.5,205.7,235.5,232.4,235.5
2021-07-20T10:00,64,213.3,252.5,248.4,252.5,205.7,234.5,231.8,234.5
2021-07-27T13:45,64,213.3,254.5,250.1,254.5,205.7,235.5,232.5,235.5
2021-07-27T14:00,64,213.3,254.5,250.2,254.5,205.7,235.5,232.6,235.5
2021-07-27T14:15,64,215.3,254.5,250.4,254.5,206.7,235.5,232.7,235.5
2021-07-30T11:30,64,215.3,255.5,251.1,255.5,206.7,236.5,233.3,236.5
2021-08-06T14:45,64,216.3,256.5,251.9,256.5,206.7,236.5,233.3,236.5
2021-08-06T15:00,64,215.8,256.5,251.9,256.5,206.7,236.5,233.3,236.5
2021-08-06T15:30,64,216.3,256.5,251.9,256.5,206.7,236.5,233.3,236.5
2021-08-10T09:00,64,216.3,256.5,252.3,256.5,206.7,236.5,233.4,236.5
2021-08-10T14:00,64,216.3,256.5,252.3,256.5,206.7,236.3,233.3,236.3
2021-08-20T12:15,64,216.3,255.0,251.3,255.0,206.7,235.3,232.6,235.3
2021-08-23T10:00,64,216.3,254.8,251.1,254.8,206.7,234.8,232.2,234.8
2021-08-23T10:15,64,216.3,254.8,251.1,254.8,206.7,234.8,232.1,234.8
2021-09-01T20:30,65,216.3,254.8,251.2,254.8,206.7,234.8,232.1,234.8
2021-09-02T14:00,65,216.3,256.3,252.2,256.3,206.7,235.8,232.8,235.8
2021-09-03T08:45,65,217.8,256.3,252.6,256.3,207.7,235.8,233.1,235.8
2021-09-09T00:00,65,219.3,257.8,253.8,257.8,208.7,236.8,234.0,236.8
2021-09-13T11:30,65,219.3,258.8,254.5,258.8,208.7,237.8,234.6,237.8
2021-09-13T18:00,65,219.3,258.8,254.5,258.8,208.7,237.8,234.7,237.8
2021-09-13T18:15,65,220.3,258.8,254.7,258.8,209.7,237.8,234.9,237.8
2021-09-16T19:00,65,220.3,258.8,254.8,258.8,210.6,239.8,236.4,239.8
2021-09-17T16:45,65,220.3,258.8,254.8,258.8,211.2,239.8,236.9,239.8
2021-09-21T10:30,65,220.3,258.8,254.8,258.8,211.7,239.8,237.0,239.8
2021-09-27T09:45,65,220.3,259.8,255.4,259.8,211.7,241.3,238.0,241.3
2021-09-27T10:00,65,220.3,259.8,255.4,259.8,212.5,241.3,238.0,241.3
2021-09-27T11:30,65,220.3,260.3,255.4,259.8,212.5,242.3,238.0,241.3
2021-09-27T11:45,65,220.3,260.3,256.1,260.3,212.5,242.3,239.0,242.3
2021-09-27T14:15,65,220.3,260.3,256.2,260.3,212.5,242.3,239.2,242.3
2021-09-28T09:45,65,221.8,260.3,256.3,260.3,214.0,242.3,239.3,242.3
2021-09-30T23:00,65,222.8,263.3,258.9,263.3,215.0,244.8,241.5,244.8
2021-10-04T18:45,66,224.8,263.3,259.0,263.3,216.5,244.8,241.7,244.8
2021-10-04T22:45,67,224.8,263.3,258.8,263.3,216.5,244.8,241.5,244.8
2021-10-05T10:45,67,224.8,265.3,260.3,265.3,216.5,247.8,243.8,247.8
2021-10-05T11:00,67,225.8,265.3,260.8,265.3,217.5,247.8,244.3,247.8
2021-10-05T14:30,67,226.8,265.3,260.9,265.3,219.5,247.8,244.6,247.8
2021-10-06T15:15,67,227.8,266.3,261.8,266.3,219.5,249.8,246.2,249.8
2021-10-07T09:30,67,227.8,266.3,261.9,266.3,221.5,249.8,246.5,249.8
2021-10-11T13:15,67,227.8,268.3,263.1,268.3,221.5,250.8,247.1,250.8
2021-10-11T13:30,67,228.8,268.3,263.7,268.3,222.5,250.8,247.5,250.8
2021-10-11T14:00,67,228.8,268.3,263.7,268.3,222.5,250.8,247.6,250.8
2021-10-11T14:15,67,228.8,268.3,263.8,268.3,222.5,250.8,247.6,250.8
2021-10-15T22:30,67,230.8,269.3,264.9,269.3,223.5,259.7,249.3,251.8
2021-10-18T18:00,68,230.8,269.3,264.8,269.3,223.5,251.8,248.6,251.8
2021-10-19T14:45,68,231.8,271.3,266.5,271.3,223.5,253.8,250.3,253.8
2021-10-19T17:45,68,231.8,271.3,266.7,271.3,224.7,253.8,250.5,253.8
2021-10-20T14:45,68,232.8,271.3,266.7,271.3,225.6,253.8,250.6,253.8
2021-10-21T19:00,69,232.8,271.3,266.5,271.3,225.5,253.8,250.5,253.8
2021-10-27T08:15,69,233.8,273.3,268.0,273.3,225.5,254.8,251.2,254.8
2021-10-27T08:30,69,233.8,273.3,268.2,273.3,225.5,254.8,251.2,254.8
2021-10-27T09:00,69,233.8,273.3,268.2,273.3,225.5,254.8,251.3,254.8
2021-10-27T11:45,69,234.8,273.3,268.5,273.3,226.5,254.8,251.5,254.8
2021-10-29T11:15,69,235.8,273.3,268.5,273.3,226.5,254.8,251.5,254.8
2021-10-29T13:30,69,235.7,273.3,268.5,273.3,226.5,254.8,251.5,254.8
2021-10-29T15:30,69,235.7,273.3,268.5,273.3,226.5,254.8,251.6,254.8
2021-11-13T23:15,70,235.7,273.3,268.1,273.3,226.5,254.8,251.3,254.8
2021-11-18T16:45,70,235.7,273.3,268.3,273.3,226.5,254.8,251.5,254.8
2021-11-19T18:15,70,234.8,272.8,267.9,272.8,226.5,254.8,251.5,254.8
2021-11-22T10:15,70,234.8,272.8,267.7,272.8,226.5,254.8,251.5,254.8
2021-11-22T10:30,70,234.8,272.8,267.6,272.8,226.5,254.8,251.5,254.8
2021-11-22T14:00,70,234.8,272.8,267.7,272.8,226.5,254.8,251.6,254.8
2021-11-22T14:15,70,234.8,272.8,267.7,272.8,226.5,254.8,251.7,254.8
2021-11-30T10:00,70,233.8,272.8,267.7,272.8,225.8,254.8,251.6,254.8
2021-11-30T10:15,70,233.8,272.8,267.5,272.8,225.8,254.8,251.6,254.8
2021-11-30T10:30,70,233.8,272.8,266.2,270.8,225.8,254.8,251.5,254.8
2021-11-30T15:00,70,233.8,272.8,266.1,270.8,225.8,254.8,251.3,254.8
2021-12-01T16:00,70,233.8,272.8,266.0,270.8,225.8,254.8,251.2,254.8
2021-12-08T13:00,70,233.8,272.8,266.0,270.8,225.8,253.9,250.6,253.8
2021-12-12T15:15,70,233.8,272.8,265.4,269.8,225.8,253.9,250.0,252.8
2021-12-13T08:45,70,233.8,269.8,265.5,269.8,225.8,252.8,249.9,252.8
2021-12-16T09:45,70,233.8,268.8,265.0,268.8,225.8,252.3,249.7,252.3
2021-12-16T10:00,70,233.8,268.8,264.9,268.8,225.8,252.3,249.6,252.3
2021-12-17T17:15,70,233.8,267.9,263.3,266.8,225.8,251.3,248.7,251.3
2021-12-21T13:30,70,233.8,264.8,261.6,264.8,225.8,250.3,247.9,250.3
2021-12-22T10:00,70,233.8,264.8,261.5,264.8,225.8,250.3,247.8,250.3
2022-01-02T11:30,70,233.8,265.8,262.2,265.8,225.8,250.3,247.8,250.3
2022-01-02T11:45,70,233.8,265.8,262.5,265.8,225.8,250.3,247.8,250.3
2022-01-02T12:00,70,234.8,265.8,262.5,265.8,225.8,250.3,247.9,250.3
2022-01-03T11:00,70,234.8,268.5,265.0,268.5,225.8,252.7,250.0,252.7
2022-01-03T11:15,70,236.8,268.5,265.2,268.5,225.8,252.7,250.1,252.7
2022-01-16T18:45,70,238.8,270.5,267.2,270.5,229.7,254.7,252.2,254.7
2022-01-19T16:15,70,238.8,270.5,267.2,270.5,229.7,255.7,253.3,255.7
2022-01-19T16:30,70,238.8,270.5,267.2,270.5,231.7,255.7,253.4,255.7
2022-01-21T15:15,70,238.8,270.9,267.5,270.9,231.7,256.9,254.2,256.9
2022-01-21T15:30,70,239.8,271.5,267.7,270.9,233.7,257.0,254.7,256.9
2022-01-25T10:15,70,239.8,271.5,267.8,270.9,233.7,257.0,254.7,256.9
2022-01-27T16:30,70,242.8,273.9,270.7,273.9,236.7,259.9,257.8,259.9
2022-01-31T13:45,70,244.8,276.5,272.7,275.9,238.7,261.9,259.4,261.7
2022-02-01T16:00,70,244.8,275.9,272.7,275.9,238.7,261.9,259.5,261.7
2022-02-08T11:30,70,244.8,277.9,274.4,277.9,238.7,263.7,261.3,263.7
2022-02-08T12:30,70,246.8,277.9,274.7,277.9,240.7,263.7,261.5,263.7
2022-02-14T15:00,70,246.8,278.8,275.4,278.8,240.7,263.7,261.5,263.7
2022-02-14T15:15,70,247.8,278.8,275.4,278.8,240.7,263.7,261.5,263.7
2022-02-22T16:00,70,247.8,278.8,275.5,278.8,240.7,263.7,261.5,263.7
2022-02-22T16:15,70,247.8,278.8,275.4,278.8,240.7,263.7,261.5,263.7
2022-02-23T17:15,70,247.8,280.8,275.5,278.8,240.7,264.1,261.6,263.7
2022-02-23T17:30,70,249.8,280.8,275.9,278.8,241.8,264.7,261.8,263.7
2022-02-23T18:00,70,249.8,280.8,276.0,278.8,241.8,264.7,261.8,263.7
2022-02-23T18:15,70,249.8,280.8,277.4,280.8,241.7,264.7,262.5,264.7
2022-02-25T12:00,70,249.8,282.8,278.9,282.8,241.7,266.7,264.1,266.7
2022-03-01T10:00,70,251.8,282.8,279.3,282.8,243.7,266.7,264.4,266.7
2022-03-01T10:15,70,251.8,282.8,279.5,282.8,243.7,266.7,264.6,266.7
2022-03-01T15:45,70,251.8,284.8,281.0,284.8,243.7,268.8,266.2,268.8
2022-03-01T16:00,70,251.8,284.8,281.0,284.8,243.7,268.7,266.1,268.7
2022-03-02T09:15,70,251.8,284.8,281.1,284.8,243.7,268.7,266.2,268.7
2022-03-02T09:30,70,253.8,284.8,281.6,284.8,243.7,268.7,266.4,268.7
2022-03-03T16:30,70,253.8,284.8,281.6,284.8,245.7,271.7,269.0,271.7
2022-03-04T12:00,70,253.8,286.8,283.1,286.8,245.7,274.7,271.2,274.7
2022-03-04T14:15,70,253.8,286.8,283.4,286.8,245.7,274.7,272.0,274.7
2022-03-04T14:30,70,255.8,286.8,283.6,286.8,251.7,274.7,272.4,274.7
2022-03-07T13:00,70,255.8,289.8,283.6,286.8,251.7,280.7,272.6,274.7
2022-03-07T13:15,70,255.8,289.8,286.1,289.8,251.7,280.7,277.5,280.7
2022-03-07T15:30,70,258.8,289.8,286.6,289.8,257.7,280.7,278.5,280.7
2022-03-08T14:00,70,258.8,294.8,290.2,294.8,257.7,287.7,283.6,287.7
2022-03-08T14:15,70,263.8,294.8,291.8,294.8,264.7,287.7,285.6,287.7
2022-03-08T15:45,70,263.8,294.8,291.9,294.8,264.7,287.7,285.6,287.7
2022-03-08T17:45,70,263.8,294.8,291.8,294.8,264.7,287.7,285.6,287.7
2022-03-09T11:30,70,263.8,300.8,296.3,300.8,264.7,297.7,293.1,297.7
2022-03-09T11:45,70,269.8,300.8,297.6,300.8,274.7,297.7,295.3,297.7
2022-03-10T07:15,70,269.8,300.8,297.6,300.8,274.7,297.7,295.4,297.7
2022-03-11T09:45,70,269.8,300.8,297.5,300.8,274.7,297.7,295.4,297.7
2022-03-11T12:15,70,267.8,300.8,297.4,300.8,273.7,297.7,295.3,297.7
2022-03-11T13:00,70,267.8,300.8,296.0,298.8,273.7,297.7,294.6,296.7
2022-03-11T13:15,70,267.8,298.8,295.8,298.8,273.7,296.7,294.6,296.7
2022-03-11T17:15,70,267.8,298.8,295.7,298.8,273.7,296.7,294.5,296.7
2022-03-16T09:30,70,267.8,298.8,295.7,298.8,272.7,296.7,294.4,296.7
2022-03-16T12:30,70,265.8,298.8,294.1,296.8,271.7,296.7,292.9,294.7
2022-03-16T12:45,70,265.8,296.8,293.9,296.8,271.7,295.0,292.7,294.7
2022-03-18T12:00,70,265.8,296.8,293.7,296.8,271.7,294.7,292.6,294.7
2022-03-18T12:15,70,265.8,296.8,293.7,296.8,271.7,294.7,292.5,294.7
2022-03-23T11:00,70,265.8,296.8,293.8,296.8,271.7,294.7,292.5,294.7
2022-03-24T10:15,70,265.8,296.8,293.8,296.8,273.7,296.7,294.5,296.7
2022-03-25T08:15,70,265.8,298.8,295.2,298.8,273.7,297.7,295.3,297.7
2022-03-25T08:30,70,267.8,298.8,295.6,298.8,274.7,297.7,295.5,297.7
2022-03-25T08:45,70,267.8,298.8,295.8,298.8,274.7,297.7,295.6,297.7
2022-04-04T22:45,70,267.8,298.8,295.7,298.8,274.7,297.7,295.5,297.7
2022-04-06T08:30,70,267.8,299.8,295.7,298.8,274.7,299.7,295.6,297.7
2022-04-06T08:45,70,267.8,299.8,296.4,299.8,274.7,299.7,297.1,299.7
2022-04-06T09:15,70,267.8,299.8,296.4,299.8,276.7,299.7,297.2,299.7
2022-04-06T10:45,70,268.8,299.8,296.5,299.8,276.7,299.7,297.2,299.7
2022-04-06T11:00,70,268.8,299.8,296.6,299.8,276.7,299.7,297.4,299.7
2022-04-27T18:30,70,268.8,301.8,298.5,301.8,276.7,301.7,299.3,301.7
2022-04-27T18:45,70,270.8,301.8,298.6,301.8,278.7,301.7,299.4,301.7
2022-04-28T15:00,70,270.8,301.8,298.8,301.8,278.7,301.7,299.6,301.7
2022-04-28T19:30,70,270.8,303.8,298.8,301.8,278.7,303.7,299.7,301.7
2022-04-28T19:45,70,272.8,303.8,300.3,303.8,280.7,303.7,301.2,303.7
2022-04-29T12:15,70,272.8,303.8,300.7,303.8,280.7,303.7,301.6,303.7
2022-04-30T14:00,70,274.8,305.8,302.4,305.8,282.7,305.7,303.2,305.7
2022-04-30T17:15,70,274.8,305.8,302.4,305.8,282.7,305.7,303.3,305.7
2022-04-30T17:30,70,274.8,305.8,302.6,305.8,282.7,305.7,303.4,305.7
2022-05-03T12:30,70,274.8,305.8,302.7,305.8,282.7,307.7,305.0,307.7
2022-05-03T22:00,70,274.8,305.8,302.8,305.8,282.7,307.7,305.1,307.7
2022-05-04T11:45,70,274.8,305.8,302.8,305.8,284.7,308.0,305.6,307.7
2022-05-05T15:15,70,274.8,305.8,302.7,305.8,284.7,307.7,305.5,307.7
2022-05-09T14:00,70,276.8,307.8,304.3,307.8,284.7,309.7,307.0,309.7
2022-05-09T14:15,70,276.8,307.8,304.8,307.8,284.7,309.7,307.3,309.7
2022-05-10T09:30,70,276.8,307.8,304.8,307.8,286.7,309.7,307.4,309.7
2022-05-10T09:45,70,276.8,307.8,304.8,307.8,286.7,309.7,307.7,309.7
2022-05-10T14:45,70,276.8,307.8,304.8,307.8,286.6,309.7,307.6,309.7
2022-05-11T08:30,70,276.7,307.8,304.7,307.8,286.6,309.7,307.6,309.7
2022-05-13T10:00,70,276.5,307.8,304.5,307.6,286.4,309.7,307.4,309.5
2022-05-13T11:00,70,276.5,307.8,304.6,307.6,286.4,309.7,307.4,309.5
2022-05-13T11:45,70,276.8,307.8,304.9,307.8,286.7,309.7,307.6,309.7
2022-05-13T12:00,70,276.5,307.8,304.7,307.8,286.4,309.7,307.5,309.7
2022-05-13T12:15,70,276.5,307.8,304.5,307.6,286.4,309.7,307.4,309.5
2022-05-16T10:45,70,276.5,307.8,304.6,307.6,286.4,309.7,307.4,309.5
2022-05-16T12:30,70,276.8,307.8,304.6,307.6,286.4,309.7,307.4,309.5
2022-05-16T12:45,70,276.8,307.8,304.7,307.6,286.4,309.7,307.4,309.5
2022-05-16T14:15,70,276.8,310.8,307.4,310.8,286.4,309.7,307.5,309.7
2022-05-19T18:00,70,281.4,312.6,309.6,312.6,286.3,309.5,307.3,309.5
2022-05-20T18:00,70,281.4,312.6,309.5,312.6,286.3,309.5,307.3,309.5
2022-05-24T11:45,70,281.4,312.6,309.6,312.6,286.3,309.5,307.3,309.5
2022-05-25T13:15,70,281.4,314.6,311.1,314.6,286.3,309.5,307.3,309.5
2022-05-25T13:45,70,281.4,314.6,311.0,314.6,286.3,309.5,307.3,309.5
2022-05-25T14:15,70,281.5,314.6,311.0,314.6,286.3,309.5,307.3,309.5
2022-05-25T14:30,70,281.5,314.6,311.1,314.6,286.3,309.5,307.3,309.5
2022-05-25T15:45,70,283.4,314.6,311.2,314.6,286.3,309.5,307.3,309.5
2022-05-25T18:45,70,283.4,314.6,311.5,314.6,286.3,309.5,307.3,309.5
2022-05-27T11:30,70,283.4,315.6,312.2,315.6,286.3,312.5,309.6,312.5
2022-05-27T11:45,70,283.4,319.4,315.0,319.4,286.3,312.4,309.5,312.4
2022-05-27T13:00,70,283.4,319.4,314.7,319.4,286.3,312.4,309.5,312.4
2022-05-27T16:00,70,286.4,319.4,314.9,319.4,287.3,312.4,309.6,312.4
2022-05-27T16:15,70,286.4,319.4,315.1,319.4,287.3,312.4,309.7,312.4
2022-05-27T16:30,70,286.4,319.4,315.5,319.4,287.3,312.4,309.5,312.4
2022-05-27T21:15,70,286.4,319.4,315.6,319.4,287.3,312.4,309.6,312.4
2022-05-27T21:45,70,286.4,319.4,315.7,319.4,287.3,312.4,309.7,312.4
2022-05-28T14:30,70,286.4,319.3,315.8,319.3,287.3,312.3,309.7,312.3
2022-05-28T14:45,70,288.1,319.3,316.0,319.3,288.8,312.3,309.8,312.3
2022-05-30T09:00,70,288.1,319.4,316.2,319.3,288.8,312.4,310.0,312.3
2022-05-31T10:30,70,288.1,322.3,318.3,322.3,288.8,314.3,311.5,314.3
2022-05-31T13:30,70,288.1,322.3,318.8,322.3,288.8,314.3,311.8,314.3
2022-05-31T15:45,70,288.1,322.3,318.8,322.3,289.2,314.3,311.8,314.3
2022-05-31T21:15,70,291.1,322.3,319.2,322.2,291.1,314.2,312.1,314.2
2022-06-01T21:31,70,291.1,324.2,320.6,324.2,291.1,314.2,312.1,314.2
2022-06-02T10:30,70,291.1,324.2,320.7,324.2,291.1,314.2,312.1,314.2
2022-06-02T11:30,70,293.0,324.2,321.1,324.2,291.1,314.2,312.1,314.2
2022-06-02T11:45,70,293.0,324.2,321.2,324.2,291.1,314.2,312.1,314.2
2022-06-03T08:45,70,293.0,327.4,323.4,327.4,291.1,317.4,314.2,317.4
2022-06-03T15:15,70,293.1,327.4,323.4,327.4,291.1,317.4,314.2,317.4
2022-06-03T15:30,70,293.1,327.3,323.8,327.3,291.1,317.3,314.6,317.3
2022-06-03T16:15,70,296.1,327.3,323.9,327.3,294.1,317.3,314.8,317.3
2022-06-03T16:30,70,296.1,327.3,324.2,327.3,294.1,317.3,315.1,317.3
2022-06-04T21:30,70,296.1,327.3,324.3,327.3,294.1,317.3,315.1,317.3
2022-06-04T21:45,70,296.1,327.3,324.2,327.2,294.1,317.2,315.1,317.2
2022-06-07T10:15,70,296.1,331.2,326.9,331.2,294.1,321.2,317.8,321.2
2022-06-07T12:30,70,296.1,331.2,327.3,331.2,294.1,321.2,318.2,321.2
2022-06-07T17:45,70,299.0,331.2,328.1,331.2,298.0,321.2,319.0,321.2
2022-06-08T13:00,70,300.0,331.2,328.2,331.2,298.0,321.2,319.0,321.2
2022-06-09T11:30,70,300.0,341.2,328.5,331.2,298.0,331.2,319.3,321.2
2022-06-09T11:45,70,300.0,345.2,337.6,345.2,298.0,335.2,328.4,335.2
2022-06-09T18:30,70,300.0,345.0,337.5,345.0,298.0,335.0,328.3,335.0
2022-06-09T18:45,70,303.0,345.0,340.3,345.0,300.0,335.0,331.0,335.0
2022-06-09T21:45,70,303.8,345.0,340.3,345.0,300.8,335.0,330.9,335.0
2022-06-10T08:15,70,303.1,345.0,340.3,345.0,300.1,335.0,330.8,335.0
2022-06-10T09:15,70,303.1,345.0,340.1,345.0,300.1,335.0,330.8,335.0
2022-06-10T09:30,70,303.1,345.0,340.1,345.0,300.1,335.0,330.7,335.0
2022-06-10T10:30,70,303.1,345.0,340.5,345.0,300.1,335.0,331.2,335.0
2022-06-10T10:45,70,312.2,345.0,341.5,345.0,310.2,335.0,332.4,335.0
2022-06-10T11:00,70,312.2,343.4,340.4,343.4,310.2,333.4,331.3,333.4
2022-06-10T15:00,70,312.2,343.4,340.4,343.4,310.2,333.4,331.2,333.4
2022-06-10T15:15,70,312.2,343.4,340.3,343.4,310.2,333.4,331.2,333.4
2022-06-11T12:45,70,313.6,343.4,340.4,343.4,311.6,333.4,331.3,333.4
2022-06-13T17:45,70,313.6,354.9,348.1,354.9,311.6,333.4,331.3,333.4
2022-06-13T20:45,70,313.6,354.8,348.4,354.8,311.6,333.4,331.3,333.4
2022-06-14T10:00,70,313.7,354.8,348.4,354.8,311.6,333.4,331.3,333.4
2022-06-14T13:30,70,313.6,354.8,348.4,354.8,311.6,333.4,331.3,333.4
2022-06-14T15:00,70,313.6,354.8,348.6,354.8,311.6,337.6,331.5,333.4
2022-06-14T15:15,70,313.6,354.8,348.6,354.8,311.6,337.6,334.3,337.6
2022-06-14T16:15,70,313.6,354.8,349.5,354.8,311.6,337.6,334.8,337.6
2022-06-14T16:30,70,320.7,354.8,350.6,354.8,315.7,355.9,335.7,337.6
2022-06-14T16:45,70,320.7,350.4,347.6,350.4,315.7,355.9,335.6,337.4
2022-06-14T18:00,70,320.7,350.4,347.6,350.3,315.7,355.9,335.6,337.4
2022-06-14T18:15,70,320.7,350.4,347.4,350.3,315.7,337.4,335.3,337.4
2022-06-16T12:45,70,320.7,350.4,347.4,350.3,315.7,341.4,338.0,341.4
2022-06-16T14:00,70,320.7,350.4,347.4,350.3,315.7,341.4,338.4,341.4
2022-06-16T15:15,70,320.7,350.4,347.4,350.3,315.7,341.4,338.5,341.4
2022-06-20T09:15,70,320.7,350.4,347.4,350.3,319.6,341.4,338.7,341.4
2022-06-20T13:00,70,320.7,350.4,347.4,350.3,319.6,342.9,338.7,341.4
2022-06-20T13:15,70,320.7,350.4,347.1,349.9,319.6,342.9,340.2,342.9
2022-06-21T09:00,70,320.7,350.4,347.1,349.9,319.7,342.9,340.3,342.9
2022-06-21T18:45,70,320.7,350.4,347.1,349.9,319.6,342.9,340.3,342.9
2022-06-23T08:45,70,320.7,350.4,347.1,349.9,319.6,349.9,345.0,349.9
2022-06-23T14:15,70,320.7,350.4,347.1,349.9,319.6,342.9,340.3,342.9
2022-06-23T19:00,70,320.7,350.4,347.1,349.9,319.6,345.2,340.4,342.9
2022-06-23T19:15,70,320.7,350.4,347.1,349.9,319.6,345.2,341.9,345.2
2022-06-24T09:45,70,320.1,349.9,347.0,349.9,319.8,345.2,342.4,345.2
2022-06-24T10:00,70,320.1,349.9,347.0,349.9,319.8,345.2,342.5,345.2
2022-06-24T12:30,70,320.1,349.9,347.0,349.9,322.7,345.2,342.7,345.2
2022-06-24T13:00,70,320.1,349.9,347.0,349.9,322.7,345.2,342.9,345.2
2022-06-24T18:00,70,320.0,349.9,347.0,349.9,322.6,345.2,342.9,345.2
2022-06-24T18:15,70,320.0,349.9,347.0,349.9,322.6,345.2,342.8,345.2
2022-06-27T09:00,70,320.0,349.9,346.9,349.9,322.6,345.2,342.8,345.2
2022-06-27T17:45,70,320.0,349.8,346.9,349.8,322.6,349.9,346.0,349.9
2022-06-27T21:30,70,320.0,349.8,346.9,349.8,322.6,345.2,342.8,345.2
2022-06-30T08:45,70,320.0,349.8,347.1,349.8,322.6,345.2,342.9,345.2
2022-06-30T09:00,70,320.1,349.9,347.1,349.9,322.7,349.7,346.0,349.7
2022-07-01T17:45,70,320.0,349.8,346.9,349.8,322.6,345.8,343.3,345.8
2022-07-06T18:00,70,317.5,348.0,344.9,348.0,320.0,342.0,339.9,342.0
2022-07-07T11:00,70,317.5,347.3,344.4,347.3,320.0,341.9,339.8,341.8
2022-07-07T12:30,70,317.5,347.3,344.4,347.3,320.0,341.9,339.7,341.8
2022-07-07T15:00,70,317.5,347.3,344.4,347.3,320.0,341.8,339.7,341.8
2022-07-07T16:00,70,316.0,347.3,343.2,345.7,318.5,341.8,338.5,340.2
2022-07-07T16:15,70,316.0,347.3,343.1,345.7,318.5,341.8,338.4,340.2
2022-07-07T16:30,70,316.0,346.3,342.9,345.7,318.5,340.2,338.2,340.2
2022-07-07T17:00,70,315.9,346.3,342.6,345.7,318.5,340.2,338.1,340.2
2022-07-07T17:15,70,315.9,346.3,342.6,345.7,318.5,340.2,338.0,340.2
2022-07-07T17:30,70,315.9,346.3,342.9,345.7,318.5,340.2,338.0,340.2
2022-07-11T15:15,70,315.9,345.7,342.8,345.7,318.5,340.2,338.0,340.2
2022-07-11T17:15,70,316.0,345.7,342.8,345.7,318.5,340.2,338.0,340.2
2022-07-12T13:45,70,316.0,345.6,342.8,345.6,318.5,340.1,337.9,340.1
2022-07-12T15:30,70,318.8,345.6,342.9,345.6,321.1,340.1,338.1,340.1
2022-07-14T10:15,70,318.8,345.6,342.8,345.6,321.1,340.1,338.1,340.1
2022-07-14T12:30,70,318.8,345.6,342.2,344.8,321.1,340.1,338.1,340.1
2022-07-14T13:00,70,315.8,345.6,341.8,344.8,320.1,340.1,337.9,340.1
2022-07-14T13:15,70,315.8,345.6,341.6,344.8,320.1,340.1,337.9,340.1
2022-07-15T12:00,70,315.8,345.6,340.7,343.4,320.1,340.1,337.3,339.2
2022-07-15T14:30,70,315.8,343.4,340.6,343.4,320.1,339.2,337.3,339.2
2022-07-16T21:15,70,315.8,343.4,340.5,343.4,320.1,339.2,337.1,339.2
2022-07-18T08:30,70,315.8,343.4,340.6,343.4,320.1,339.2,337.3,339.2
2022-07-19T14:45,70,315.7,343.4,340.6,343.4,320.0,339.2,337.2,339.2
2022-07-21T10:15,70,315.7,343.1,340.4,343.1,319.2,339.2,336.1,337.8
2022-07-21T12:45,70,314.1,342.7,339.2,342.0,317.1,339.2,335.8,337.8
2022-07-21T14:45,70,314.1,342.0,339.0,342.0,317.1,337.8,334.5,336.4
2022-07-24T13:45,70,314.0,341.9,338.9,341.9,317.0,337.8,334.4,336.3
2022-07-28T12:45,70,314.0,341.0,338.3,341.0,317.0,337.8,334.3,336.2
2022-07-28T13:00,70,314.0,341.0,338.3,341.0,317.0,336.2,334.3,336.2
2022-07-28T20:15,70,314.0,341.0,338.3,341.0,317.0,336.2,334.2,336.1
2022-08-02T13:30,70,312.8,341.0,337.5,340.1,314.2,336.2,332.3,333.8
2022-08-02T13:45,70,312.8,340.1,337.3,340.1,314.2,334.7,331.9,333.8
2022-08-02T14:30,70,312.8,340.1,337.3,340.1,314.1,333.8,331.8,333.8
2022-08-02T14:45,70,312.8,340.1,335.8,338.0,314.1,333.8,330.6,332.1
2022-08-02T15:00,70,312.7,338.0,335.6,338.0,314.1,332.4,330.3,332.0
2022-08-02T16:00,70,312.7,338.0,335.5,338.0,314.1,332.1,330.3,332.0
2022-08-03T10:15,70,312.7,338.0,335.5,338.0,314.1,332.2,330.5,332.2
2022-08-03T13:00,70,312.6,338.0,335.5,338.0,314.1,332.2,330.5,332.2
2022-08-03T17:30,70,312.6,338.0,335.5,338.0,314.1,332.2,330.4,332.2
2022-08-03T18:15,70,312.6,338.0,335.5,338.0,314.1,332.1,330.4,332.1
2022-08-05T09:30,70,310.8,338.0,335.4,338.0,313.2,332.1,330.3,332.1
2022-08-05T09:45,70,310.8,338.0,334.8,337.1,313.2,332.0,330.0,331.8
2022-08-05T10:00,70,310.8,338.0,334.6,337.1,313.2,332.0,329.9,331.8
2022-08-05T13:00,70,310.8,337.1,334.5,337.1,313.2,331.8,329.9,331.8
2022-08-05T14:15,70,310.7,337.1,334.4,337.0,313.1,331.8,329.8,331.7
2022-08-05T14:30,70,310.7,336.0,333.5,336.0,313.1,332.1,329.3,331.2
2022-08-05T14:45,70,310.7,336.0,333.5,336.0,313.1,332.1,329.4,331.2
2022-08-08T14:30,70,310.5,336.0,333.4,335.9,313.1,331.2,329.2,331.1
2022-08-09T09:30,70,310.5,336.0,333.4,335.9,313.1,331.2,328.2,329.8
2022-08-09T10:00,70,310.5,336.0,333.4,335.9,312.2,331.2,328.1,329.8
2022-08-09T11:00,70,310.5,336.0,333.4,335.9,312.1,331.2,328.1,329.8
2022-08-09T12:45,70,310.5,336.0,333.6,335.9,312.1,331.2,328.2,329.8
2022-08-09T13:00,70,310.5,336.0,333.4,335.9,312.1,331.2,328.1,329.8
2022-08-09T17:00,70,310.5,336.0,333.3,335.9,310.1,329.8,327.6,329.8
2022-08-09T17:30,70,310.5,335.8,333.3,335.8,310.0,329.7,327.5,329.7
2022-08-09T18:00,70,310.5,335.8,333.3,335.8,310.0,328.2,326.5,328.2
2022-08-12T09:30,70,310.5,335.8,333.2,335.7,310.0,328.2,326.4,328.1
2022-08-15T13:45,70,307.5,335.8,331.4,334.0,309.0,328.1,326.2,328.1
2022-08-15T14:00,70,307.5,335.8,330.3,332.7,309.0,327.9,325.5,327.2
2022-08-15T15:30,70,307.5,335.8,330.3,332.7,309.0,327.9,325.4,327.1
2022-08-15T15:45,70,307.5,332.8,330.2,332.7,309.0,327.2,325.4,327.1
2022-08-15T16:00,70,307.5,332.7,330.2,332.7,309.0,327.1,325.4,327.1
2022-08-15T19:45,70,307.5,332.7,330.2,332.7,307.2,326.8,325.0,326.8
2022-08-15T20:00,70,307.5,332.7,330.2,332.7,307.2,326.8,324.8,326.8
2022-08-16T10:00,70,307.4,332.7,328.9,331.1,307.1,326.6,323.2,324.8
2022-08-16T10:15,70,307.4,332.7,328.9,331.1,307.1,325.2,323.1,324.8
2022-08-16T10:30,70,307.4,332.7,328.9,331.1,307.1,325.2,323.0,324.8
2022-08-16T11:00,70,307.4,332.7,328.9,331.1,307.0,325.2,323.0,324.8
2022-08-19T16:30,70,307.4,331.1,328.4,331.0,307.0,324.8,322.9,324.7
2022-08-23T08:30,70,304.8,331.1,328.2,331.0,307.0,324.8,322.9,324.7
2022-08-23T11:15,70,304.8,331.1,326.3,328.1,307.0,324.8,322.9,324.7
2022-08-24T11:00,70,304.7,331.1,326.2,328.0,307.0,324.8,322.9,324.7
2022-08-24T13:15,70,304.7,328.0,325.8,328.0,307.0,324.8,322.9,324.7
2022-08-26T13:00,70,304.7,328.0,325.8,328.0,309.0,326.7,324.6,326.7
2022-08-26T13:45,70,304.7,328.0,325.8,328.0,309.0,326.7,324.7,326.7
2022-08-26T14:00,70,304.7,328.0,325.8,328.0,309.0,326.7,324.8,326.7
2022-09-01T12:00,70,301.8,328.0,323.4,325.1,309.0,326.7,324.8,326.7
2022-09-01T13:30,70,301.7,327.1,322.9,325.1,309.0,326.7,324.8,326.7
2022-09-01T13:45,70,301.7,326.1,322.9,325.1,309.0,326.7,324.8,326.7
2022-09-01T17:45,70,301.7,326.1,322.8,325.0,309.0,326.7,324.8,326.7
2022-09-02T08:45,70,301.7,325.0,322.7,325.0,309.0,326.7,324.9,326.7
2022-09-02T09:00,70,301.7,328.0,323.0,325.0,309.0,328.7,325.1,326.7
2022-09-06T10:30,70,301.6,328.0,323.0,325.0,308.9,328.7,325.1,326.7
2022-09-06T11:00,70,301.6,328.0,323.0,324.9,308.9,328.7,325.0,326.6
2022-09-07T09:00,70,299.8,328.0,322.8,324.9,308.9,328.7,325.0,326.6
2022-09-07T10:15,70,299.8,328.0,322.3,324.1,308.9,328.7,325.0,326.6
2022-09-07T10:30,70,299.8,326.1,321.6,323.1,308.9,328.7,325.0,326.6
2022-09-10T17:30,70,299.6,326.0,320.9,322.9,308.7,328.7,325.0,326.6
2022-09-17T09:15,70,299.6,326.0,320.9,322.9,305.2,328.7,324.4,326.6
2022-09-17T09:31,70,299.6,326.0,320.9,322.9,305.2,324.6,321.5,322.8
2022-09-19T12:00,70,299.6,326.0,320.9,322.9,305.1,324.6,321.5,322.8
2022-09-19T12:15,70,299.6,326.0,320.9,322.9,305.1,324.6,321.3,322.6
2022-09-19T15:00,70,299.6,326.0,320.9,322.9,304.7,324.6,321.0,322.6
2022-09-20T11:30,70,299.6,326.0,320.9,322.9,304.7,323.8,320.4,321.8
2022-09-21T11:30,70,299.6,326.0,320.9,322.9,304.6,323.8,320.4,321.8
2022-09-21T11:45,70,299.6,326.0,320.9,322.9,304.6,323.8,320.3,321.8
2022-09-26T09:30,70,298.8,326.0,320.8,322.9,303.8,323.8,320.3,321.8
2022-09-26T09:45,70,298.8,325.1,320.2,322.1,303.8,322.8,319.5,320.8
2022-09-26T13:00,70,298.8,325.1,320.2,322.1,303.8,322.8,319.4,320.8
2022-09-26T14:30,70,298.7,325.1,320.2,322.1,303.7,322.8,319.4,320.8
2022-09-26T15:15,70,298.7,325.1,320.1,322.1,303.7,322.8,319.2,320.8
2022-09-27T11:00,70,298.7,325.1,320.1,322.1,302.8,321.8,319.0,320.8
2022-09-27T11:15,70,298.7,325.1,320.1,322.1,302.8,322.1,318.4,319.8
2022-09-27T13:30,70,298.7,325.1,320.1,322.1,302.7,321.8,318.2,319.8
2022-09-28T09:00,70,298.7,325.1,320.1,322.1,302.7,321.8,318.3,319.8
2022-10-03T09:30,70,298.7,325.1,320.1,322.1,302.7,321.8,318.2,319.8
2022-10-05T10:00,70,298.7,328.1,320.3,322.1,302.7,324.8,318.4,319.8
2022-10-05T21:00,70,298.7,328.1,320.8,322.1,302.7,324.8,318.9,319.8
2022-10-05T21:15,70,298.7,328.1,320.8,322.1,302.7,324.8,319.0,319.8
2022-10-06T10:30,70,301.7,328.1,321.0,322.1,305.7,324.8,319.2,319.8
2022-10-06T10:45,70,301.7,328.1,322.9,325.1,305.7,324.8,321.1,322.8
2022-10-06T11:00,70,301.7,328.1,323.0,325.1,305.7,324.8,321.1,322.8
2022-10-09T09:45,70,301.7,328.1,323.1,325.1,305.7,324.8,321.2,322.8
2022-10-10T09:45,70,301.7,331.1,323.3,325.1,305.7,328.8,321.5,322.8
2022-10-10T14:00,70,301.7,331.1,323.6,325.1,305.7,328.8,321.9,322.8
2022-10-10T16:00,70,304.7,331.1,325.9,328.1,309.7,328.8,325.1,326.8
2022-10-12T10:30,70,304.6,331.1,325.9,328.1,309.6,328.8,325.1,326.8
2022-10-12T10:45,70,304.6,331.1,325.8,328.0,309.6,328.8,325.0,326.7
2022-10-12T13:30,70,304.6,331.0,325.8,328.0,309.6,328.7,325.0,326.7
2022-10-26T14:00,70,304.6,331.0,325.8,328.0,309.6,328.7,325.2,326.7
2022-10-26T14:15,70,304.6,331.0,325.8,328.0,311.6,328.7,325.6,326.7
2022-10-26T14:30,70,304.6,331.0,325.8,328.0,311.6,330.7,327.0,328.7
2022-10-26T15:30,70,304.6,331.0,325.8,328.0,311.5,330.7,326.9,328.6
2022-10-27T10:15,70,304.6,331.0,325.8,328.0,311.5,330.7,327.1,328.6
2022-10-28T16:45,70,304.6,331.0,325.8,328.0,313.5,330.7,327.5,328.6
2022-10-28T17:15,70,304.6,331.0,325.8,328.0,313.5,330.7,328.7,330.6
2022-10-28T17:30,70,304.6,331.0,325.8,328.0,313.5,332.8,328.9,330.6
2022-11-04T14:15,70,304.6,333.1,326.0,328.0,313.5,334.8,329.0,330.6
2022-11-05T18:15,70,306.6,333.1,327.5,330.0,315.5,334.8,330.5,332.6
2022-11-05T18:30,70,306.6,335.1,328.0,330.0,315.5,336.8,331.0,332.6
2022-11-05T21:45,70,306.6,333.1,327.8,330.0,315.5,334.8,330.8,332.6
2022-11-05T22:00,70,306.6,333.1,327.8,330.0,315.5,334.8,330.9,332.6
2022-11-07T10:45,70,306.5,333.1,327.8,330.0,315.4,334.8,330.9,332.6
2022-11-07T11:45,70,306.5,333.1,327.8,329.9,315.4,336.8,331.0,332.5
2022-11-07T15:00,70,306.4,333.1,327.7,329.8,315.4,336.8,331.2,332.5
2022-11-07T15:30,70,306.4,333.1,327.7,329.8,315.4,336.8,332.5,334.5
2022-11-07T15:45,70,306.4,333.1,327.6,329.8,317.4,336.8,332.8,334.5
2022-11-24T11:15,70,306.4,333.1,327.6,329.8,315.8,336.7,332.5,334.5
2022-11-24T11:30,70,306.4,333.1,327.6,329.8,315.8,336.7,332.4,334.5
2022-11-24T12:00,70,306.4,333.1,327.6,329.8,315.7,336.7,332.4,334.5
2022-11-24T15:00,70,306.4,333.1,327.6,329.8,315.4,336.7,332.1,334.5
2022-11-24T15:15,70,306.4,333.1,327.6,329.8,315.3,334.8,330.9,332.5
2022-11-25T17:15,70,306.3,333.1,327.6,329.8,315.3,334.8,330.9,332.5
2022-11-25T18:00,70,306.3,333.1,327.6,329.8,315.3,334.8,330.7,332.4
2022-11-28T17:30,70,302.4,333.1,326.9,329.8,315.3,334.8,330.7,332.4
2022-11-28T17:45,70,302.4,333.1,324.3,325.8,315.3,334.8,330.7,332.4
2022-11-28T18:00,70,302.4,333.1,324.2,325.8,315.3,334.8,330.7,332.4
2022-11-28T18:30,70,302.2,333.1,324.0,325.8,315.3,334.8,330.7,332.4
2022-11-28T19:30,70,302.2,333.1,323.9,325.7,315.3,334.8,330.7,332.4
2022-11-29T09:00,70,302.2,329.1,323.6,325.7,314.8,333.8,330.5,332.4
2022-11-29T10:00,70,302.1,329.1,323.6,325.7,314.7,333.8,330.5,332.4
2022-11-29T11:30,70,302.1,329.1,323.6,325.7,314.7,333.8,330.1,331.8
2022-11-29T12:00,70,302.1,329.1,323.5,325.7,314.7,333.8,330.1,331.8
2022-11-29T12:15,70,302.1,329.1,323.5,325.7,314.6,333.8,330.1,331.8
2022-11-29T13:15,70,302.1,329.1,323.5,325.7,314.6,333.8,330.0,331.7
2022-12-07T09:45,70,302.1,329.1,323.5,325.7,312.8,331.8,329.5,331.7
2022-12-07T10:30,70,302.1,329.1,323.5,325.7,312.7,331.8,328.3,329.8
2022-12-07T14:45,70,300.1,329.1,321.9,323.7,312.7,331.8,328.3,329.8
2022-12-07T15:15,70,300.1,329.1,321.8,323.7,312.7,331.8,328.1,329.8
2022-12-07T15:30,70,300.0,329.1,321.7,323.6,312.7,331.8,328.1,329.8
2022-12-08T10:15,70,300.0,329.1,321.5,323.6,312.7,331.8,328.1,329.8
2022-12-08T17:15,70,300.0,327.1,321.5,323.6,312.7,331.8,328.1,329.8
2022-12-23T13:15,70,300.0,327.1,321.4,323.6,312.7,331.8,328.1,329.8
2022-12-27T16:15,70,299.9,327.1,321.4,323.6,312.6,331.8,328.0,329.8
2022-12-27T16:30,70,299.9,327.1,321.4,323.5,312.6,331.8,328.0,329.7
2022-12-28T17:15,70,299.8,327.1,321.3,323.4,312.6,331.8,328.0,329.7
2022-12-29T09:00,70,299.7,327.1,321.2,323.4,312.6,331.8,328.0,329.7
2022-12-29T09:15,70,299.7,327.1,321.2,323.3,312.5,331.8,327.9,329.6
2023-01-01T15:15,70,299.7,337.2,323.2,323.3,312.5,340.4,329.6,329.6
2023-01-01T15:30,70,299.7,335.7,323.4,323.3,312.5,340.4,329.9,329.6
2023-01-02T09:45,70,304.3,335.7,326.2,327.9,318.9,340.4,333.9,336.0
2023-01-02T10:00,70,304.3,335.7,326.6,327.9,318.9,340.4,334.3,336.0
2023-01-02T10:15,70,304.3,335.7,326.9,327.9,318.9,340.4,334.7,336.0
2023-01-02T11:45,70,304.3,335.7,327.0,327.9,318.9,340.4,334.8,336.0
2023-01-02T15:30,70,304.3,333.1,326.7,327.9,318.9,338.8,334.6,336.0
2023-01-03T14:45,70,304.2,333.1,326.1,327.9,318.9,338.8,334.3,336.0
2023-01-03T15:00,70,304.2,333.1,326.1,327.9,318.8,338.8,334.3,336.0
2023-01-03T15:15,70,304.2,333.1,326.0,327.9,318.8,338.8,334.3,336.0
2023-01-03T15:30,70,304.2,333.1,325.9,327.8,318.8,338.8,334.2,335.9
2023-01-03T16:15,70,304.2,331.6,325.8,327.8,318.8,338.1,334.1,335.9
2023-01-03T19:30,70,304.2,331.6,325.8,327.8,318.8,338.1,334.2,335.9
2023-01-03T19:45,70,304.2,332.1,325.8,327.8,318.8,338.8,334.3,335.9
2023-01-04T14:00,70,304.2,327.8,325.3,327.8,318.8,335.9,334.0,335.9
2023-01-04T14:30,70,304.2,331.6,325.7,327.8,318.8,338.1,334.2,335.9
2023-01-05T12:15,70,304.2,331.6,325.8,327.8,316.8,338.1,334.1,335.9
2023-01-05T12:30,70,304.2,329.6,325.6,327.8,316.8,336.1,333.8,335.9
2023-01-06T12:30,70,301.9,329.6,323.7,325.5,316.7,336.1,332.3,333.8
2023-01-06T12:45,70,301.9,329.6,323.7,325.5,316.7,336.1,332.2,333.8
2023-01-09T12:15,70,301.9,329.6,323.6,325.5,316.7,336.1,332.2,333.8
2023-02-03T09:30,70,301.9,329.6,323.6,325.5,314.8,336.1,332.1,333.8
2023-02-03T09:45,70,301.9,329.6,323.6,325.5,314.8,334.1,331.7,333.8
2023-02-03T10:45,70,301.9,329.6,323.6,325.5,314.7,334.1,331.7,333.8
2023-02-03T11:00,70,301.9,329.6,323.6,325.5,314.7,334.1,330.5,331.8
2023-02-03T14:15,70,301.9,329.6,323.6,325.5,314.7,334.1,330.3,331.8
2023-02-03T14:30,70,301.9,329.6,323.6,325.5,314.7,334.1,330.2,331.8
2023-02-06T10:00,70,301.9,329.6,323.6,325.5,312.8,332.1,329.8,331.8
2023-02-06T10:15,70,301.9,329.6,323.6,325.5,312.8,332.1,329.7,331.8
2023-02-06T13:15,70,301.9,329.6,323.6,325.5,312.8,332.1,328.6,329.8
2023-02-06T13:30,70,301.9,329.6,323.6,325.5,312.7,332.1,328.2,329.8
2023-02-21T15:45,70,301.9,330.6,323.7,325.5,312.7,332.1,328.2,329.8
2023-03-07T15:00,70,301.8,330.6,323.7,325.4,312.7,332.1,328.2,329.8
2023-03-07T15:15,70,301.8,330.6,323.6,325.4,312.7,332.1,328.2,329.8
2023-03-14T09:45,70,301.8,330.6,323.6,325.4,310.8,332.1,327.9,329.8
2023-03-14T13:15,70,301.8,330.6,323.6,325.4,310.7,332.1,327.1,328.6
2023-03-14T13:30,70,301.8,330.6,323.6,325.4,310.7,332.1,326.7,327.8
2023-03-14T15:00,70,301.8,329.6,323.5,325.4,310.7,330.1,326.2,327.8
2023-03-16T10:30,70,299.8,328.6,323.3,325.4,308.8,330.1,326.0,327.8
2023-03-16T10:45,70,299.8,328.6,323.3,325.4,308.7,330.1,325.8,327.8
2023-03-16T11:00,70,299.8,328.6,323.3,325.4,308.7,330.1,324.7,325.8
2023-03-16T12:00,70,299.7,328.6,323.3,325.4,308.7,330.1,324.7,325.8
2023-03-16T12:45,70,299.7,328.6,323.0,325.4,308.7,330.1,324.7,325.8
2023-03-16T15:00,70,299.7,328.6,321.9,323.3,308.7,330.1,324.7,325.8
2023-03-16T15:15,70,299.7,328.6,321.5,323.3,308.7,330.1,324.4,325.8
2023-03-20T12:30,70,299.7,327.5,321.4,323.3,308.7,330.1,324.4,325.8
2023-04-04T09:15,70,299.7,327.5,321.4,323.3,308.7,328.1,324.2,325.8
2023-04-12T18:00,70,296.7,327.5,319.2,320.3,304.7,328.1,324.0,325.8
2023-04-13T13:15,70,296.7,324.6,318.9,320.3,304.7,328.1,322.9,324.1
2023-04-13T13:30,70,296.7,324.6,318.9,320.3,304.7,324.2,322.1,324.1
2023-04-13T14:30,70,296.7,324.6,318.9,320.3,304.7,324.1,322.1,324.1
2023-04-13T16:00,70,296.7,324.6,318.8,320.3,304.7,324.1,321.8,324.1
2023-04-13T16:45,70,296.7,324.6,318.8,320.3,304.7,324.1,321.0,322.8
2023-04-13T17:00,70,296.7,324.6,318.8,320.3,303.5,324.1,321.0,322.8
2023-04-13T18:15,70,296.7,324.6,318.8,320.3,303.5,324.1,320.8,322.8
2023-04-14T08:30,70,296.7,324.6,318.5,320.3,303.5,324.1,320.8,322.8
2023-04-14T08:45,70,296.7,324.6,318.5,320.3,303.5,324.1,320.5,322.1
2023-04-23T23:45,70,292.6,321.5,316.6,319.2,298.4,318.0,314.0,315.9
2023-04-25T14:15,70,292.5,321.5,316.6,319.2,298.3,318.0,314.0,315.9
2023-04-25T14:45,70,292.5,321.5,316.5,319.1,298.3,318.0,314.0,315.8
2023-04-25T15:30,70,292.5,321.5,316.6,319.2,298.3,318.0,314.0,315.9
2023-04-25T15:45,70,292.5,321.5,316.5,319.1,298.3,318.0,314.0,315.8
2023-04-26T12:00,70,292.5,321.5,316.5,319.1,298.3,318.0,313.9,315.8
2023-05-03T09:15,70,292.5,321.5,316.5,319.1,296.8,316.1,313.5,315.8
2023-05-03T09:45,70,292.5,321.5,316.5,319.1,296.3,316.1,312.2,313.8
2023-05-04T07:00,70,292.5,321.5,316.5,319.1,296.3,316.1,312.0,313.8
2023-05-04T07:15,70,292.5,321.5,316.5,319.1,296.3,316.1,311.9,313.8
2023-05-08T10:00,70,292.5,321.5,316.5,319.1,294.3,316.1,311.8,313.8
2023-05-08T10:45,70,290.5,321.5,315.0,317.1,294.3,316.1,311.8,313.8
2023-05-09T12:15,70,290.5,319.5,314.5,317.1,294.3,314.0,311.1,313.8
2023-05-09T12:30,70,290.5,319.5,314.5,317.1,294.3,314.0,310.1,311.8
2023-05-09T13:30,70,290.5,319.5,314.2,316.6,292.2,314.0,309.7,311.7
2023-05-10T09:00,70,290.5,319.5,314.2,316.6,292.2,313.1,309.6,311.7
2023-05-10T10:30,70,289.9,319.5,314.0,316.5,292.2,313.1,309.6,311.7
2023-05-10T14:30,70,289.7,319.5,313.9,316.5,292.2,313.1,309.6,311.7
2023-05-10T17:15,70,289.7,319.5,313.9,316.5,292.2,313.1,309.5,311.7
2023-05-11T09:30,70,289.7,319.5,313.9,316.5,292.2,313.0,309.5,311.7
2023-05-11T12:00,70,289.7,318.8,313.8,316.5,292.2,313.0,309.5,311.7
2023-05-24T16:15,70,289.7,318.8,313.8,316.5,277.1,313.0,308.5,311.7
2023-05-24T16:30,70,289.7,318.8,313.8,316.5,292.2,313.0,309.5,311.7
2023-06-15T10:15,70,287.7,318.8,313.7,316.5,290.2,313.0,309.4,311.7
2023-06-15T14:15,70,287.7,318.8,313.7,316.5,290.2,311.7,308.6,311.1
2023-06-15T16:30,70,287.7,318.8,313.7,316.5,289.6,311.1,308.5,311.1
2023-06-16T15:30,70,287.7,318.8,312.5,314.5,289.6,311.1,307.8,309.7
2023-06-16T15:45,70,287.7,318.8,312.2,314.5,289.6,311.1,307.6,309.7
2023-06-19T10:30,70,285.7,316.7,311.7,314.4,287.6,311.1,307.0,309.1
2023-06-19T11:15,70,285.7,316.7,311.7,314.4,287.6,311.0,307.0,309.1
2023-06-19T17:15,70,285.7,316.7,310.3,312.5,287.6,311.0,307.0,309.1
2023-06-19T17:45,70,283.6,314.5,309.6,312.4,287.6,311.0,307.0,309.1
2023-06-19T18:00,70,283.6,312.7,309.6,312.4,287.6,309.1,306.7,309.1
2023-06-19T18:15,70,283.6,312.4,309.4,312.4,287.6,309.1,306.7,309.1
2023-07-02T12:45,71,283.6,312.4,309.4,312.4,287.6,309.1,306.7,309.1
2023-07-24T08:00,71,283.6,312.4,309.3,312.4,287.6,309.1,306.6,309.1
2023-07-28T08:00,71,283.6,312.4,309.1,312.4,287.6,309.1,306.5,309.1
2023-07-28T08:30,71,283.6,312.4,309.1,312.4,287.6,309.1,306.4,309.1
2023-07-31T13:00,71,283.6,312.4,309.3,312.4,287.6,309.1,306.6,309.1
2023-08-01T10:15,71,283.6,314.3,309.6,312.4,287.6,311.1,306.9,309.1
2023-08-14T07:30,72,283.6,314.3,309.6,312.4,287.6,311.1,306.9,309.1
2023-08-14T10:30,72,283.6,314.7,309.7,312.4,287.6,311.1,306.9,309.1
2023-08-15T11:45,72,283.6,314.7,310.0,312.4,287.6,311.1,306.9,309.1
2023-08-15T12:00,72,285.6,314.7,310.2,312.4,287.6,311.1,306.9,309.1
2023-08-15T13:15,72,285.6,319.8,311.5,314.4,287.6,311.1,306.9,309.1
2023-08-21T13:45,72,285.6,319.8,311.9,314.4,287.6,311.1,306.9,309.1
2023-08-21T14:00,72,285.6,318.8,311.8,314.4,287.6,311.1,306.9,309.1
2023-08-22T17:15,72,285.6,318.8,312.1,314.4,287.6,311.1,306.9,309.1
2023-08-23T09:45,72,287.6,318.8,312.3,314.4,287.8,311.1,306.9,309.1
2023-08-23T10:00,72,287.6,318.8,313.5,316.4,287.8,311.1,307.3,309.1
2023-08-23T10:15,72,287.6,318.8,313.6,316.4,287.8,311.1,307.3,309.1
2023-08-23T10:30,72,287.6,318.7,313.6,316.4,287.8,311.1,307.3,309.1
2023-08-24T10:15,72,287.5,318.7,313.6,316.3,289.6,311.1,308.7,311.0
2023-08-24T13:30,72,287.5,318.7,313.6,316.3,289.5,311.1,308.7,311.0
2023-08-28T12:45,72,287.5,318.7,313.6,316.3,289.5,313.0,308.8,311.0
2023-08-29T12:17,72,288.4,319.6,314.5,317.2,290.4,314.0,309.7,311.9
2023-09-11T21:00,72,291.3,320.1,317.2,320.1,292.7,316.0,312.0,314.1
2023-09-12T15:30,72,291.3,322.1,317.5,320.1,292.7,316.2,312.3,314.1
2023-09-13T10:15,72,293.2,322.1,318.9,322.0,294.6,316.2,313.8,316.1
2023-09-13T14:00,72,293.2,324.7,319.3,322.0,294.6,318.0,313.9,316.1
2023-09-18T11:15,72,293.2,322.1,318.9,322.0,294.6,316.2,313.8,316.1
2023-09-18T13:30,72,293.2,324.8,319.6,322.0,294.6,321.1,314.6,316.1
2023-09-18T13:45,72,295.1,324.8,320.9,323.9,297.5,321.1,316.5,319.0
2023-09-18T14:00,72,295.1,324.8,321.1,323.9,297.5,321.1,316.9,319.0
2023-09-18T14:15,72,293.8,324.8,321.0,323.9,297.5,321.1,316.9,319.0
2023-09-19T09:15,72,295.1,324.8,321.1,323.9,297.5,321.1,316.9,319.0
2023-09-22T11:15,72,295.1,328.8,321.5,323.9,297.5,323.1,317.1,319.0
2023-09-25T11:15,72,297.0,328.8,323.0,325.8,299.4,323.1,318.6,320.9
2023-09-25T11:45,72,297.0,328.8,323.2,325.8,299.4,323.1,318.8,320.9
2023-09-25T13:45,72,296.9,328.8,323.1,325.7,299.4,323.1,318.8,320.9
2023-09-26T12:45,72,296.8,328.8,323.1,325.7,299.4,323.1,318.8,320.9
2023-09-26T13:00,72,296.7,328.8,323.0,325.7,299.3,323.1,318.7,320.9
2023-09-26T13:15,72,296.7,328.8,322.9,325.5,299.3,323.1,318.7,320.8
2023-10-06T11:00,72,294.8,326.8,322.5,325.5,298.8,322.1,318.2,320.1
2023-10-06T12:30,72,294.7,326.8,322.3,325.5,298.3,322.1,318.0,320.1
2023-10-06T12:45,72,294.7,326.8,322.2,325.5,298.3,322.1,318.0,320.1
2023-10-06T13:00,72,294.7,326.8,321.1,323.5,298.3,322.1,317.8,319.8
2023-10-06T13:15,72,294.6,326.8,322.1,325.4,298.2,322.1,317.7,319.7
2023-10-06T13:30,72,294.6,326.8,321.9,325.4,298.2,322.1,317.6,319.7
2023-10-06T13:45,72,294.6,326.8,320.8,323.4,298.2,322.1,317.6,319.7
2023-10-15T23:15,72,294.6,326.8,320.7,323.4,298.2,324.1,318.0,319.7
2023-10-16T09:45,72,294.6,326.8,320.7,323.4,298.2,327.1,318.3,319.7
2023-10-16T11:30,72,294.6,326.8,320.8,323.4,300.1,327.1,319.6,321.6
2023-10-16T11:45,72,294.6,326.8,320.8,323.4,300.1,327.1,319.7,321.6
2023-10-17T12:15,72,294.6,326.8,320.8,323.4,300.1,327.1,320.2,321.6
2023-10-17T14:30,72,294.6,326.8,320.8,323.4,303.1,327.1,322.4,324.6
2023-10-19T09:15,72,294.6,326.8,320.8,323.4,303.1,329.1,322.6,324.6
2023-10-19T11:30,72,294.6,326.8,320.8,323.4,303.1,329.1,322.9,324.6
2023-10-21T05:45,72,294.6,326.8,320.4,323.4,303.1,329.1,322.7,324.6
2023-10-24T16:00,72,294.6,326.8,320.4,323.4,303.1,329.1,322.4,324.6
2023-10-30T22:15,72,294.6,326.8,320.4,323.4,303.1,327.1,322.2,324.6
2023-11-07T15:45,72,294.5,326.8,320.0,323.4,303.0,327.1,321.9,324.6
2023-11-08T09:15,72,294.6,326.8,320.4,323.4,303.1,327.1,322.2,324.6
2023-11-08T09:30,72,294.5,326.8,320.4,323.4,303.0,327.1,322.2,324.6
2023-11-12T20:30,72,292.5,324.8,317.9,321.3,303.0,327.1,321.9,324.6
2023-11-13T10:45,72,292.4,324.8,317.9,321.3,302.9,327.1,321.8,324.5
2023-11-16T15:15,72,291.4,324.8,317.8,321.3,302.9,327.1,321.8,324.5
2023-11-16T15:30,72,291.4,323.8,317.1,320.3,302.9,327.1,321.8,324.5
2023-11-16T15:45,72,291.4,323.8,317.0,320.3,302.9,327.1,321.8,324.5
2023-11-17T20:15,72,291.4,323.8,316.9,320.3,302.8,327.1,321.8,324.5
2023-11-20T10:15,72,291.4,323.8,316.9,320.3,302.8,327.1,321.7,324.3
2023-11-20T10:30,72,291.4,323.8,316.9,320.3,302.7,327.1,321.7,324.3
2023-11-20T11:00,72,291.3,323.8,316.8,320.2,302.7,327.1,321.7,324.3
2023-11-22T20:15,72,291.3,323.8,316.8,320.2,302.7,327.1,321.6,324.3
2023-11-23T10:45,72,290.8,323.8,316.7,320.2,302.7,327.1,321.6,324.3
2023-11-23T11:15,72,290.8,322.8,316.6,320.2,302.7,327.1,321.6,324.3
2023-11-23T11:30,72,290.7,322.8,316.2,319.6,302.7,327.1,321.6,324.3
2023-11-28T10:45,72,289.8,321.8,316.0,319.6,301.8,326.1,321.5,324.3
2023-11-28T12:15,72,289.7,321.8,315.3,318.6,301.7,326.1,320.9,323.3
2023-11-28T12:30,72,289.7,321.8,315.3,318.6,301.7,326.1,320.8,323.3
2023-11-29T08:30,72,289.7,321.8,315.2,318.6,301.7,326.1,320.3,323.3
2023-11-29T09:15,72,289.7,321.8,315.2,318.6,301.7,326.1,320.6,323.3
2023-12-04T13:15,72,289.7,321.8,315.2,318.6,299.8,326.1,320.5,323.3
2023-12-04T13:30,72,289.7,321.8,315.2,318.6,299.7,324.1,320.2,323.3
2023-12-04T14:00,72,289.7,321.8,315.2,318.6,299.7,324.1,320.0,323.3
2023-12-04T14:15,72,289.7,321.8,315.2,318.6,299.7,324.1,318.9,321.3
2023-12-05T09:45,72,289.7,321.8,315.2,318.6,299.7,324.1,318.6,321.3
2023-12-07T10:15,72,289.7,321.8,315.2,318.6,298.8,323.1,318.3,321.1
2023-12-07T11:15,72,289.7,321.8,315.2,318.6,298.7,323.1,317.8,320.3
2023-12-07T17:30,72,289.7,321.8,315.2,318.6,298.7,323.1,317.6,320.3
2023-12-13T11:45,72,289.7,321.8,315.2,318.6,297.8,322.1,317.3,320.1
2023-12-13T12:45,72,289.7,321.8,315.2,318.6,297.7,322.1,316.8,319.3
2023-12-14T13:30,72,288.7,326.8,316.5,317.6,303.1,327.1,318.9,319.3
2023-12-14T13:45,72,288.7,321.3,314.4,317.6,297.7,324.6,316.8,319.3
2023-12-14T14:00,72,288.7,320.7,314.1,317.6,297.7,322.0,316.6,319.3
2024-01-01T20:45,72,292.8,326.8,318.8,321.7,301.3,327.1,320.5,322.9
2024-01-01T21:00,72,292.8,321.7,317.7,321.7,301.3,322.9,319.7,322.9
2024-01-01T21:15,72,292.8,321.7,317.9,321.7,301.3,322.9,319.8,322.9
2024-01-02T17:15,72,292.8,321.7,317.9,321.7,301.3,322.9,319.8,322.8
2024-01-02T17:30,72,292.8,321.7,317.9,321.7,301.3,322.8,319.8,322.8
2024-01-02T17:45,72,292.8,321.7,317.9,321.7,301.2,322.8,319.8,322.8
2024-01-02T18:15,72,292.8,321.7,317.8,321.6,301.2,322.8,319.8,322.8
2024-01-02T18:30,72,292.8,321.7,317.9,321.7,301.2,322.8,319.8,322.8
2024-01-03T09:45,72,292.8,321.7,317.8,321.6,301.1,322.8,319.7,322.8
2024-01-03T10:15,72,292.8,321.7,317.8,321.6,301.1,322.8,319.7,322.7
2024-01-08T08:45,72,292.8,321.7,317.8,321.6,301.1,322.8,319.6,322.7
2024-01-10T11:30,72,292.8,321.7,317.8,321.6,301.1,322.7,319.6,322.7
2024-01-30T16:00,72,292.8,321.7,317.8,321.6,303.1,324.7,321.2,324.7
2024-01-30T16:15,72,292.8,321.7,317.8,321.6,303.1,324.7,321.7,324.7
2024-01-30T21:30,72,292.8,321.7,317.8,321.6,303.1,324.7,321.6,324.7
2024-01-30T22:00,72,292.8,325.0,318.0,321.7,303.1,327.8,321.9,324.7
2024-02-05T20:30,73,292.8,325.0,317.4,321.7,301.8,327.8,321.3,324.7
2024-02-08T12:15,73,292.8,325.0,317.4,321.7,301.8,329.8,321.3,324.7
2024-02-08T12:30,73,292.8,321.7,317.3,321.7,301.8,324.7,321.2,324.7
2024-02-10T00:45,73,292.8,321.7,317.6,321.7,303.1,324.7,321.6,324.7
2024-02-10T09:30,73,292.8,321.7,317.6,321.7,303.1,326.7,321.7,324.7
2024-02-10T09:45,73,292.8,321.7,317.6,321.7,303.1,326.7,321.8,324.7
2024-02-13T13:00,73,292.8,321.7,317.6,321.7,305.1,326.7,323.4,326.7
2024-02-13T13:15,73,292.8,321.7,317.6,321.7,305.1,326.7,323.6,326.7
2024-02-22T11:45,73,292.8,321.7,317.6,321.7,305.1,326.7,322.0,324.7
2024-02-22T13:45,73,292.8,321.7,317.6,321.7,305.1,326.7,323.3,326.7
2024-03-05T09:15,73,292.8,321.7,317.6,321.7,305.1,326.7,323.2,326.7
2024-03-07T10:15,73,290.9,321.7,317.4,321.7,305.1,326.7,323.2,326.7
2024-03-13T09:00,73,290.8,321.7,317.4,321.7,305.1,326.7,323.2,326.7
2024-03-13T09:15,73,290.8,321.7,317.2,321.7,305.1,326.7,323.2,326.7
2024-03-13T10:00,73,290.8,321.7,315.9,319.7,305.1,326.7,323.2,326.7
2024-03-13T11:15,73,290.7,321.7,315.6,319.6,305.1,326.7,323.3,326.7
2024-03-19T12:15,72,290.7,321.7,315.5,319.6,305.1,326.7,323.3,326.7
2024-03-22T19:15,72,292.8,321.7,317.6,321.7,305.1,326.7,323.2,326.7
2024-03-22T19:30,72,290.7,321.7,315.7,319.6,305.1,326.7,323.4,326.7
2024-03-22T19:45,72,290.7,319.6,315.5,319.6,305.1,326.7,323.5,326.7
2024-04-04T15:30,72,290.7,324.7,315.8,319.6,305.1,327.7,323.6,326.7
2024-04-04T17:00,72,291.7,321.6,316.5,320.6,306.1,327.7,324.5,327.7
2024-04-04T17:15,72,291.7,321.6,316.6,320.6,306.1,327.7,324.6,327.7
2024-04-05T11:15,72,292.7,321.6,317.4,321.6,306.1,327.7,324.6,327.7
2024-04-09T13:30,72,292.7,321.6,317.4,321.6,306.1,327.7,324.5,327.7
2024-04-23T14:45,72,291.7,321.6,316.6,320.6,305.2,327.7,324.4,327.7
2024-04-23T16:45,72,292.7,321.6,317.4,321.6,305.2,327.7,324.4,327.7
2024-04-25T11:45,72,292.7,321.6,317.5,321.6,305.2,327.7,324.4,327.7
2024-04-29T23:30,72,292.7,322.6,317.6,321.6,305.1,326.7,323.6,326.7
2024-05-06T14:30,72,292.7,322.6,317.6,321.6,304.2,326.7,323.5,326.7
2024-05-07T09:15,72,292.7,322.6,317.6,321.6,304.1,326.7,322.9,325.7
2024-05-07T09:30,72,292.7,322.6,317.6,321.6,304.1,326.7,322.7,325.7
2024-05-08T08:45,72,292.7,322.6,317.7,321.6,304.1,326.7,322.6,325.7
2024-05-08T09:00,72,292.7,322.6,317.6,321.6,304.1,326.7,322.6,325.7
2024-05-08T11:00,72,292.7,322.6,317.6,321.6,303.2,326.7,322.5,325.7
2024-05-09T07:15,72,292.7,322.6,317.6,321.6,303.1,326.7,321.7,324.7
2024-05-10T08:45,72,292.7,322.6,317.5,321.6,303.1,326.7,321.6,324.7
2024-05-14T13:30,72,292.7,322.6,317.5,321.6,302.1,326.7,320.8,323.7
2024-05-14T14:00,72,292.7,322.6,317.5,321.6,302.1,325.7,320.7,323.7
2024-05-14T14:45,72,292.7,322.6,317.3,321.6,302.1,324.7,320.6,323.7
2024-05-15T10:00,72,292.7,322.2,317.1,321.6,302.1,324.7,320.4,323.7
2024-05-15T10:15,72,292.7,321.6,317.1,321.6,302.1,323.7,320.2,323.7
2024-05-28T15:30,72,292.7,321.6,317.1,321.6,300.1,323.7,318.6,321.7
2024-05-29T10:45,72,292.7,321.6,317.1,321.6,300.1,321.7,318.2,321.7
2024-06-05T15:15,72,291.8,321.6,316.9,321.6,298.2,321.7,317.3,320.8
2024-06-05T15:45,72,291.7,321.6,316.9,321.6,298.1,321.7,317.3,320.8
2024-06-05T16:00,72,291.7,321.6,316.2,320.6,298.1,321.7,316.5,319.7
2024-06-06T09:30,72,291.7,320.6,316.1,320.6,298.1,319.7,316.2,319.7
2024-08-08T18:45,72,290.7,320.6,315.3,319.6,297.1,319.7,315.4,318.7
2024-08-09T08:45,72,289.7,320.6,315.1,319.6,296.1,319.7,315.2,318.7
2024-08-09T09:00,72,289.7,318.6,314.2,318.6,296.1,319.7,314.3,317.7
2024-08-09T09:45,72,289.7,318.6,314.1,318.6,296.1,317.7,314.2,317.7
2024-08-20T12:45,72,288.7,318.6,313.2,317.6,295.1,317.7,313.3,316.7
2024-08-20T13:00,72,288.7,317.6,313.2,317.6,295.1,316.7,313.3,316.7
2024-08-20T13:30,72,288.7,317.6,313.1,317.6,295.1,316.7,313.2,316.7
2024-09-02T12:30,72,288.7,317.6,313.0,317.6,295.1,316.7,313.2,316.7
2024-09-04T11:45,72,286.7,317.6,312.5,317.6,294.1,316.7,312.9,316.7
2024-09-04T12:00,72,286.7,315.8,311.2,315.6,294.1,315.7,312.3,315.7
2024-09-04T12:30,72,286.7,315.6,311.1,315.6,294.1,315.7,312.2,315.7
2024-09-05T14:15,72,284.8,315.6,310.8,315.6,292.2,315.7,311.4,314.8
2024-09-05T15:45,72,284.6,315.6,309.6,313.5,292.0,315.7,310.7,313.6
2024-09-05T16:00,72,284.6,315.6,309.3,313.5,292.0,315.7,310.4,313.6
2024-09-09T12:45,72,284.6,315.6,309.2,313.5,292.0,315.7,310.4,313.6
2024-09-14T14:00,72,284.6,313.6,309.0,313.5,292.0,317.7,310.4,313.6
2024-09-16T14:00,72,284.6,313.5,309.0,313.5,292.0,317.6,310.4,313.6
2024-09-16T14:15,72,284.6,313.5,309.0,313.5,292.0,313.6,310.1,313.6
2024-10-21T11:00,72,283.6,313.5,308.1,312.5,292.0,313.6,310.1,313.6
2024-10-21T11:15,72,283.6,312.5,308.1,312.5,292.0,313.6,310.1,313.6
2024-10-21T11:30,72,283.5,312.5,307.9,312.4,292.0,313.6,310.1,313.6
2024-10-22T15:30,72,283.5,312.4,307.9,312.4,292.0,313.6,310.1,313.6
2024-10-29T20:00,72,281.4,310.3,305.8,310.3,291.0,313.6,309.3,312.6
2024-10-29T20:30,72,281.4,310.3,305.8,310.3,291.0,313.6,309.2,312.6
2024-10-29T20:45,72,281.4,310.3,305.8,310.3,291.0,312.9,309.1,312.6
2024-10-29T21:00,72,281.4,310.3,305.8,310.3,291.0,312.6,309.1,312.6
2024-11-01T10:30,72,281.4,310.3,305.4,310.3,291.0,312.6,308.8,312.6
2024-12-06T14:15,72,281.3,310.3,305.4,310.3,290.9,312.6,308.8,312.6
2024-12-06T14:30,72,281.3,310.3,305.3,310.2,290.9,312.6,308.7,312.5
2024-12-13T10:00,72,281.4,310.3,305.4,310.3,291.0,313.6,308.9,312.6
2024-12-13T10:45,72,281.3,310.3,305.3,310.2,290.9,313.6,308.9,312.5
2024-12-17T17:00,72,281.3,310.3,305.3,310.2,290.9,313.6,308.8,312.5
2025-01-02T18:30,72,291.5,320.4,315.5,320.4,304.0,325.6,321.8,325.6
2025-01-19T18:30,72,293.4,322.3,317.2,322.3,307.8,329.5,325.5,329.4
2025-01-28T00:15,72,293.4,322.3,317.3,322.3,307.8,329.5,325.5,329.4
2025-02-10T20:30,73,293.4,322.3,317.4,322.3,307.8,329.5,325.6,329.4
2025-02-19T18:45,73,293.4,322.3,317.4,322.3,307.8,329.4,325.6,329.4
2025-03-06T13:00,73,292.8,322.3,317.3,322.3,306.8,329.4,325.5,329.4
2025-03-06T13:15,73,292.8,322.3,317.2,322.2,306.8,329.4,325.4,329.4
2025-03-07T09:15,73,290.4,322.3,316.9,322.2,306.8,329.4,325.4,329.4
2025-03-07T09:30,73,290.3,322.2,315.8,321.3,306.8,329.4,324.7,328.4
2025-03-07T10:00,73,290.3,322.2,314.4,319.2,306.7,329.4,324.6,328.3
2025-03-07T10:30,73,290.3,319.3,314.4,319.2,306.7,328.4,324.6,328.3
2025-03-07T11:30,73,290.3,319.3,314.4,319.2,306.7,328.4,324.5,328.3
2025-03-26T11:45,73,290.3,319.2,314.3,319.2,306.7,328.3,324.3,328.0
2025-03-26T14:15,73,289.3,319.2,313.5,318.2,305.7,328.3,323.7,327.3
2025-03-26T14:30,73,289.2,319.2,313.4,318.2,305.6,328.1,323.6,327.3
2025-03-26T14:45,73,289.2,318.2,313.3,318.1,305.6,327.3,323.5,327.2
2025-03-27T09:15,73,289.2,318.2,313.3,318.1,305.6,327.3,323.4,327.2
2025-03-28T11:45,73,289.2,318.2,313.0,318.1,305.6,327.3,323.2,327.2
2025-04-08T11:15,73,288.8,318.1,312.9,318.1,303.8,327.2,322.2,326.0
2025-04-08T11:30,73,288.7,318.1,312.9,318.1,303.7,327.2,322.2,326.0
2025-04-08T11:45,73,288.7,318.1,312.5,317.6,303.7,327.2,321.7,325.3
2025-04-08T12:30,73,288.7,318.1,312.5,317.6,303.7,327.2,321.6,325.3
2025-04-08T15:15,73,288.7,317.6,312.4,317.6,303.7,327.1,321.5,325.3
2025-04-08T23:00,73,288.7,317.6,312.4,317.6,303.7,325.3,321.3,325.3
2025-04-14T09:45,73,288.7,317.6,311.7,317.6,303.7,325.3,320.7,325.3
2025-04-14T11:00,73,288.7,317.6,307.3,317.6,303.7,325.3,317.5,325.3
2025-04-14T11:30,73,288.6,317.6,307.3,317.6,303.6,325.3,317.5,325.3
2025-04-14T12:45,73,288.6,317.6,306.9,317.6,303.6,325.3,317.2,325.3
2025-04-15T12:45,73,287.8,317.6,306.6,317.6,301.8,325.3,316.6,325.3
2025-04-15T13:00,73,287.8,317.6,306.6,317.6,301.8,325.3,316.0,324.0
2025-04-15T13:30,73,287.7,317.6,306.6,317.6,301.7,325.3,316.0,324.0
2025-04-16T12:45,73,287.7,317.6,306.5,317.6,301.7,325.3,315.7,324.0
2025-04-16T13:30,73,287.7,317.6,306.0,316.6,301.7,325.3,315.4,323.2
2025-04-17T10:00,73,287.7,316.6,311.5,316.6,301.7,323.3,319.4,323.2
2025-04-17T10:30,73,287.7,316.6,311.5,316.6,301.7,323.3,319.2,323.3
2025-04-28T11:00,73,286.8,316.6,311.3,316.6,300.8,323.3,318.9,323.0
2025-04-28T13:15,73,286.7,316.5,310.6,315.6,300.7,323.3,318.4,322.3
2025-04-29T17:15,73,286.7,316.2,310.5,315.6,300.7,322.3,318.2,322.3
2025-04-29T17:30,73,286.7,315.6,310.5,315.6,300.7,322.3,318.2,322.3
2025-04-29T17:45,73,286.7,315.6,310.5,315.6,300.7,322.3,318.3,322.3
2025-05-02T14:30,73,286.7,315.6,310.5,315.6,299.8,322.3,318.0,322.1
2025-05-02T14:45,73,286.7,315.6,310.5,315.6,299.8,322.3,318.1,322.3
2025-05-02T17:45,73,286.7,315.6,310.5,315.6,299.7,322.3,318.1,322.3
2025-05-02T18:45,73,286.7,315.6,310.5,315.6,299.7,322.3,317.4,321.3
2025-05-02T19:00,73,286.7,315.6,310.5,315.6,299.7,321.3,317.3,321.3
2025-05-02T22:45,73,286.7,315.6,310.5,315.6,299.6,321.2,317.2,321.2
2025-05-09T08:45,73,286.7,315.6,310.1,315.6,299.6,321.2,316.9,321.2
2025-05-09T14:45,73,286.7,315.6,309.9,315.6,299.6,321.2,316.7,321.2
2025-05-28T13:15,73,285.8,315.6,309.8,315.6,298.8,321.2,316.5,321.2
2025-06-02T14:00,73,285.7,314.6,309.1,314.6,298.6,320.2,315.9,320.2
