timestamp,stations_count,lowest_bensin,highest_bensin,average_bensin,common_bensin,lowest_diesel,highest_diesel,average_diesel,common_diesel
2017-05-19T08:00,1,169.9,169.9,169.9,169.9,164.9,164.9,164.9,164.9
2017-05-25T10:00,1,169.9,169.9,169.9,169.9,161.9,161.9,161.9,161.9
2017-06-12T14:00,1,166.9,166.9,166.9,166.9,158.9,158.9,158.9,158.9
2017-06-20T14:15,1,164.9,164.9,164.9,164.9,155.9,155.9,155.9,155.9
2017-08-10T15:15,1,167.9,167.9,167.9,167.9,158.9,158.9,158.9,158.9
2017-09-18T10:30,1,169.9,169.9,169.9,169.9,159.9,159.9,159.9,159.9
2017-10-09T21:00,1,171.9,171.9,171.9,171.9,163.9,163.9,163.9,163.9
2017-11-13T11:45,1,173.9,173.9,173.9,173.9,165.9,165.9,165.9,165.9
2017-11-16T13:45,1,176.9,176.9,176.9,176.9,167.9,167.9,167.9,167.9
2017-12-06T17:00,1,177.9,177.9,177.9,177.9,167.9,167.9,167.9,167.9
2017-12-06T20:15,1,177.9,177.9,177.9,177.9,168.8,168.8,168.8,168.8
2017-12-11T14:30,1,177.9,177.9,177.9,177.9,168.9,168.9,168.9,168.9
2017-12-19T16:15,1,180.9,180.9,180.9,180.9,171.9,171.9,171.9,171.9
2018-01-03T16:30,1,186.9,186.9,186.9,186.9,177.9,177.9,177.9,177.9
2018-01-30T14:00,1,188.9,188.9,188.9,188.9,179.9,179.9,179.9,179.9
2018-02-07T08:15,1,189.9,189.9,189.9,189.9,180.9,180.9,180.9,180.9
2018-03-15T20:00,1,188.9,188.9,188.9,188.9,180.9,180.9,180.9,180.9
2018-03-21T01:00,1,183.9,183.9,183.9,183.9,175.9,175.9,175.9,175.9
2018-03-29T22:45,1,184.9,184.9,184.9,184.9,176.9,176.9,176.9,176.9
2018-04-06T17:15,1,184.9,184.9,184.9,184.9,178.9,178.9,178.9,178.9
2018-04-17T20:00,1,186.9,186.9,186.9,186.9,180.9,180.9,180.9,180.9
2018-04-26T09:45,1,187.9,187.9,187.9,187.9,180.9,180.9,180.9,180.9
2018-04-30T21:45,1,189.9,189.9,189.9,189.9,182.9,182.9,182.9,182.9
2018-05-02T13:00,1,187.9,187.9,187.9,187.9,180.9,180.9,180.9,180.9
2018-05-18T12:45,1,190.9,190.9,190.9,190.9,183.9,183.9,183.9,183.9
2018-05-23T22:15,1,192.9,192.9,192.9,192.9,185.9,185.9,185.9,185.9
2018-05-28T15:15,1,194.9,194.9,194.9,194.9,187.9,187.9,187.9,187.9
2018-08-24T20:30,1,196.9,196.9,196.9,196.9,188.9,188.9,188.9,188.9
2018-09-12T19:00,1,197.9,197.9,197.9,197.9,191.9,191.9,191.9,191.9
2018-09-17T16:15,1,197.9,197.9,197.9,197.9,193.9,193.9,193.9,193.9
2018-10-04T15:45,1,197.9,197.9,197.9,197.9,196.9,196.9,196.9,196.9
2018-10-11T18:30,1,199.9,199.9,199.9,199.9,199.9,199.9,199.9,199.9
2018-10-16T08:00,1,199.9,199.9,199.9,199.9,200.9,200.9,200.9,200.9
2018-10-16T14:30,1,199.9,199.9,199.9,199.9,199.9,199.9,199.9,199.9
2018-11-29T22:15,1,199.9,199.9,199.9,199.9,198.9,198.9,198.9,198.9
2018-12-04T12:30,1,198.9,198.9,198.9,198.9,197.9,197.9,197.9,197.9
2018-12-05T18:30,1,195.9,195.9,195.9,195.9,196.9,196.9,196.9,196.9
2019-01-25T18:00,1,190.9,190.9,190.9,190.9,191.9,191.9,191.9,191.9
2019-02-07T12:15,1,189.9,189.9,189.9,189.9,190.9,190.9,190.9,190.9
2019-02-19T12:45,1,191.9,191.9,191.9,191.9,192.9,192.9,192.9,192.9
2019-02-28T11:45,1,192.9,192.9,192.9,192.9,193.9,193.9,193.9,193.9
2019-04-02T18:45,1,194.9,194.9,194.9,194.9,194.9,194.9,194.9,194.9
2019-04-03T16:15,1,197.9,197.9,197.9,197.9,195.9,195.9,195.9,195.9
2019-04-13T14:00,1,199.9,199.9,199.9,199.9,196.9,196.9,196.9,196.9
2019-04-16T14:00,1,201.9,201.9,201.9,201.9,196.9,196.9,196.9,196.9
2019-04-24T17:15,1,203.9,203.9,203.9,203.9,196.9,196.9,196.9,196.9
2019-05-01T00:30,1,205.9,205.9,205.9,205.9,197.9,197.9,197.9,197.9
2019-05-04T00:15,1,206.9,206.9,206.9,206.9,198.9,198.9,198.9,198.9
2019-05-08T11:30,1,207.9,207.9,207.9,207.9,199.9,199.9,199.9,199.9
2019-05-22T23:15,1,209.9,209.9,209.9,209.9,200.9,200.9,200.9,200.9
2019-06-12T15:00,1,207.9,207.9,207.9,207.9,198.9,198.9,198.9,198.9
2019-07-01T20:30,1,206.9,206.9,206.9,206.9,197.9,197.9,197.9,197.9
2019-07-10T12:45,1,204.9,204.9,204.9,204.9,195.9,195.9,195.9,195.9
2019-07-14T00:45,1,202.9,202.9,202.9,202.9,193.9,193.9,193.9,193.9
2019-07-24T12:45,1,200.9,200.9,200.9,200.9,192.9,192.9,192.9,192.9
2019-07-24T21:15,1,199.9,199.9,199.9,199.9,192.9,192.9,192.9,192.9
2019-08-23T15:00,1,197.9,197.9,197.9,197.9,189.9,189.9,189.9,189.9
2019-09-08T16:15,1,195.9,195.9,195.9,195.9,187.9,187.9,187.9,187.9
2019-09-17T11:30,1,194.9,194.9,194.9,194.9,186.9,186.9,186.9,186.9
2019-10-02T18:30,1,196.9,196.9,196.9,196.9,188.9,188.9,188.9,188.9
2019-10-13T16:00,1,196.9,196.9,196.9,196.9,190.9,190.9,190.9,190.9
2019-10-24T19:00,1,198.9,198.9,198.9,198.9,192.9,192.9,192.9,192.9
2019-11-17T15:15,1,200.9,200.9,200.9,200.9,194.9,194.9,194.9,194.9
2019-12-06T07:45,1,200.9,200.9,200.9,200.9,196.9,196.9,196.9,196.9
2019-12-17T11:00,1,197.9,197.9,197.9,197.9,195.9,195.9,195.9,195.9
2020-01-06T15:30,1,198.9,198.9,198.9,198.9,196.9,196.9,196.9,196.9
2020-02-05T17:45,1,197.9,197.9,197.9,197.9,195.9,195.9,195.9,195.9
2020-03-12T10:00,1,196.9,196.9,196.9,196.9,193.9,193.9,193.9,193.9
2020-03-18T16:15,1,192.9,192.9,192.9,192.9,190.9,190.9,190.9,190.9
2020-03-19T12:15,1,180.9,180.9,180.9,180.9,179.9,179.9,179.9,179.9
2020-04-29T16:45,1,178.9,178.9,178.9,178.9,176.9,176.9,176.9,176.9
2020-06-24T17:45,1,178.9,178.9,178.9,178.9,174.9,174.9,174.9,174.9
2020-07-03T17:45,1,178.9,178.9,178.9,178.9,175.9,175.9,175.9,175.9
2020-07-16T09:00,1,179.9,179.9,179.9,179.9,177.9,177.9,177.9,177.9
2020-07-29T20:00,1,180.9,180.9,180.9,180.9,178.9,178.9,178.9,178.9
2020-08-01T16:15,1,182.9,182.9,182.9,182.9,178.9,178.9,178.9,178.9
2020-11-26T18:00,1,183.9,183.9,183.9,183.9,180.9,180.9,180.9,180.9
2021-01-05T17:15,1,185.9,185.9,185.9,185.9,182.9,182.9,182.9,182.9
2021-01-07T17:30,1,186.9,186.9,186.9,186.9,184.9,184.9,184.9,184.9
2021-01-20T13:15,1,189.9,189.9,189.9,189.9,187.9,187.9,187.9,187.9
2021-02-11T17:30,1,190.9,190.9,190.9,190.9,188.9,188.9,188.9,188.9
2021-02-13T17:30,1,191.9,191.9,191.9,191.9,190.9,190.9,190.9,190.9
2021-02-19T13:01,1,193.9,193.9,193.9,193.9,192.9,192.9,192.9,192.9
2021-02-23T12:30,1,195.9,195.9,195.9,195.9,194.9,194.9,194.9,194.9
2021-02-26T13:00,1,197.9,197.9,197.9,197.9,194.9,194.9,194.9,194.9
2021-03-03T12:00,1,199.9,199.9,199.9,199.9,195.9,195.9,195.9,195.9
2021-03-11T18:00,1,201.9,201.9,201.9,201.9,197.9,197.9,197.9,197.9
2021-03-25T18:45,1,201.9,201.9,201.9,201.9,196.9,196.9,196.9,196.9
2021-06-22T21:00,1,206.9,206.9,206.9,206.9,199.9,199.9,199.9,199.9
2021-06-28T10:15,1,208.9,208.9,208.9,208.9,201.9,201.9,201.9,201.9
2021-07-01T15:00,1,210.9,210.9,210.9,210.9,202.9,202.9,202.9,202.9
2021-07-29T21:45,1,212.9,212.9,212.9,212.9,203.9,203.9,203.9,203.9
2021-08-10T17:15,1,213.9,213.9,213.9,213.9,203.9,203.9,203.9,203.9
2021-09-09T00:00,1,214.9,214.9,214.9,214.9,204.9,204.9,204.9,204.9
2021-09-13T19:00,1,216.9,216.9,216.9,216.9,205.9,205.9,205.9,205.9
2021-09-25T10:45,1,217.9,217.9,217.9,217.9,208.9,208.9,208.9,208.9
2021-10-04T18:45,1,218.9,218.9,218.9,218.9,210.9,210.9,210.9,210.9
2021-10-12T17:15,1,225.9,225.9,225.9,225.9,219.9,219.9,219.9,219.9
2021-10-21T19:00,1,229.9,229.9,229.9,229.9,222.9,222.9,222.9,222.9
2021-11-02T17:15,1,232.9,232.9,232.9,232.9,223.9,223.9,223.9,223.9
2021-11-23T09:45,1,231.9,231.9,231.9,231.9,223.9,223.9,223.9,223.9
2021-12-01T22:15,1,230.9,230.9,230.9,230.9,222.9,222.9,222.9,222.9
2022-01-16T18:45,1,232.9,232.9,232.9,232.9,224.9,224.9,224.9,224.9
2022-01-22T14:00,1,234.9,234.9,234.9,234.9,227.9,227.9,227.9,227.9
2022-01-27T17:15,1,236.9,236.9,236.9,236.9,230.9,230.9,230.9,230.9
2022-01-31T17:15,1,239.9,239.9,239.9,239.9,233.9,233.9,233.9,233.9
2022-02-07T18:30,1,241.9,241.9,241.9,241.9,235.9,235.9,235.9,235.9
2022-02-16T18:30,1,244.9,244.9,244.9,244.9,237.9,237.9,237.9,237.9
2022-03-01T16:15,1,246.9,246.9,246.9,246.9,238.9,238.9,238.9,238.9
2022-03-04T16:00,1,250.9,250.9,250.9,250.9,242.9,242.9,242.9,242.9
2022-03-07T17:15,1,252.9,252.9,252.9,252.9,248.9,248.9,248.9,248.9
2022-03-08T20:15,1,255.9,255.9,255.9,255.9,254.9,254.9,254.9,254.9
2022-03-09T15:15,1,260.9,260.9,260.9,260.9,261.9,261.9,261.9,261.9
2022-03-10T13:45,1,266.9,266.9,266.9,266.9,271.9,271.9,271.9,271.9
2022-03-13T18:00,1,264.9,264.9,264.9,264.9,270.9,270.9,270.9,270.9
2022-03-17T17:30,1,262.9,262.9,262.9,262.9,268.9,268.9,268.9,268.9
2022-03-25T17:00,1,262.9,262.9,262.9,262.9,270.9,270.9,270.9,270.9
2022-03-28T17:15,1,264.9,264.9,264.9,264.9,271.9,271.9,271.9,271.9
2022-04-07T19:15,1,265.9,265.9,265.9,265.9,273.9,273.9,273.9,273.9
2022-04-12T17:45,1,267.8,267.8,267.8,267.8,275.7,275.7,275.7,275.7
2022-04-30T12:00,1,271.8,271.8,271.8,271.8,279.7,279.7,279.7,279.7
2022-05-06T16:30,1,272.8,272.8,272.8,272.8,282.7,282.7,282.7,282.7
2022-05-11T17:30,1,274.8,274.8,274.8,274.8,284.7,284.7,284.7,284.7
2022-05-19T18:00,1,277.8,277.8,277.8,277.8,284.7,284.7,284.7,284.7
2022-05-21T14:45,1,279.8,279.8,279.8,279.8,284.7,284.7,284.7,284.7
2022-05-27T23:30,1,281.8,281.8,281.8,281.8,284.7,284.7,284.7,284.7
2022-05-31T18:15,1,287.1,287.1,287.1,287.1,287.8,287.8,287.8,287.8
2022-06-01T19:00,1,290.2,290.2,290.2,290.2,290.1,290.1,290.1,290.1
2022-06-06T16:30,1,295.1,295.1,295.1,295.1,293.1,293.1,293.1,293.1
2022-06-08T16:30,1,298.0,298.0,298.0,298.0,297.0,297.0,297.0,297.0
2022-06-09T17:30,1,299.0,299.0,299.0,299.0,297.0,297.0,297.0,297.0
2022-06-10T14:45,1,302.8,302.8,302.8,302.8,299.8,299.8,299.8,299.8
2022-06-13T17:30,1,311.6,311.6,311.6,311.6,309.6,309.6,309.6,309.6
2022-06-15T21:30,1,318.7,318.7,318.7,318.7,313.7,313.7,313.7,313.7
2022-06-21T17:15,1,318.7,318.7,318.7,318.7,317.6,317.6,317.6,317.6
2022-06-28T17:30,1,318.0,318.0,318.0,318.0,320.6,320.6,320.6,320.6
2022-07-07T17:00,1,315.5,315.5,315.5,315.5,318.0,318.0,318.0,318.0
2022-07-08T17:45,1,313.9,313.9,313.9,313.9,316.5,316.5,316.5,316.5
2022-07-14T16:45,1,315.8,315.8,315.8,315.8,318.1,318.1,318.1,318.1
2022-07-15T15:45,1,312.8,312.8,312.8,312.8,317.1,317.1,317.1,317.1
2022-07-25T18:00,1,311.1,311.1,311.1,311.1,314.1,314.1,314.1,314.1
2022-08-04T15:30,1,309.7,309.7,309.7,309.7,311.1,311.1,311.1,311.1
2022-08-08T19:00,1,307.1,307.1,307.1,307.1,310.1,310.1,310.1,310.1
2022-08-10T17:45,1,307.1,307.1,307.1,307.1,307.0,307.0,307.0,307.0
2022-08-19T16:30,1,304.5,304.5,304.5,304.5,304.2,304.2,304.2,304.2
2022-08-25T16:45,1,301.5,301.5,301.5,301.5,304.2,304.2,304.2,304.2
2022-09-02T17:00,1,298.2,298.2,298.2,298.2,304.2,304.2,304.2,304.2
2022-09-10T17:30,1,296.2,296.2,296.2,296.2,304.2,304.2,304.2,304.2
2022-09-20T19:45,1,296.2,296.2,296.2,296.2,301.2,301.2,301.2,301.2
2022-09-27T21:00,1,294.2,294.2,294.2,294.2,299.2,299.2,299.2,299.2
2022-09-29T18:00,1,294.2,294.2,294.2,294.2,298.2,298.2,298.2,298.2
2022-10-09T16:30,1,296.7,296.7,296.7,296.7,300.7,300.7,300.7,300.7
2022-10-12T20:00,1,299.7,299.7,299.7,299.7,304.7,304.7,304.7,304.7
2022-10-31T14:00,1,294.7,294.7,294.7,294.7,304.7,304.7,304.7,304.7
2022-11-08T18:15,1,298.7,298.7,298.7,298.7,307.7,307.7,307.7,307.7
2022-11-20T22:15,1,298.7,298.7,298.7,298.7,309.7,309.7,309.7,309.7
2022-12-08T19:30,1,294.7,294.7,294.7,294.7,307.7,307.7,307.7,307.7
2022-12-13T14:00,1,292.7,292.7,292.7,292.7,305.7,305.7,305.7,305.7
2022-12-15T12:30,1,290.7,290.7,290.7,290.7,302.7,302.7,302.7,302.7
2023-01-04T11:00,1,293.7,293.7,293.7,293.7,308.7,308.7,308.7,308.7
2023-01-10T17:30,1,293.7,293.7,293.7,293.7,306.7,306.7,306.7,306.7
