timestamp,stations_count,lowest_bensin,highest_bensin,average_bensin,common_bensin,lowest_diesel,highest_diesel,average_diesel,common_diesel
2016-04-19T00:27,19,190.4,195.4,195.1,195.4,172.9,177.9,177.6,177.9
2016-04-26T11:00,19,198.4,198.4,198.4,198.4,180.9,180.9,180.9,180.9
2016-04-26T11:45,19,193.4,198.4,198.1,198.4,175.9,180.9,180.6,180.9
2016-05-17T15:45,19,193.4,198.4,198.1,198.4,178.9,183.9,183.6,183.9
2016-05-17T16:00,19,198.4,198.4,198.4,198.4,183.9,183.9,183.9,183.9
2016-05-18T09:00,19,201.4,201.4,201.4,201.4,183.9,183.9,183.9,183.9
2016-05-18T11:15,19,196.4,201.4,201.1,201.4,178.9,183.9,183.6,183.9
2016-05-30T08:45,19,204.4,204.4,204.4,204.4,186.9,186.9,186.9,186.9
2016-05-30T12:00,19,199.4,204.4,204.1,204.4,181.9,186.9,186.6,186.9
2016-07-01T16:00,19,197.4,202.4,202.1,202.4,181.9,186.9,186.6,186.9
2016-07-11T18:30,19,194.4,199.4,198.9,199.4,180.9,185.9,185.4,185.9
2016-07-14T11:45,19,192.4,197.4,196.9,197.4,179.9,184.9,184.4,184.9
2016-07-26T12:00,19,191.4,194.4,194.1,194.4,179.8,182.8,182.5,182.8
2016-08-02T10:15,19,188.4,191.4,191.1,191.4,177.8,180.8,180.5,180.8
2016-08-02T11:00,19,188.4,191.4,191.1,191.4,176.8,179.8,179.5,179.8
2016-10-06T06:15,19,189.9,192.9,192.6,192.9,178.8,181.8,181.5,181.8
2016-10-12T09:15,19,189.9,192.9,192.6,192.9,180.8,183.8,183.5,183.8
2016-10-14T10:45,19,189.9,192.9,192.6,192.9,178.8,181.8,181.5,181.8
2016-10-14T14:15,19,189.9,192.9,192.6,192.9,180.8,183.8,183.5,183.8
2016-10-17T08:30,19,190.9,193.9,193.6,193.9,182.8,185.8,185.5,185.8
2016-10-18T16:00,19,188.9,193.9,193.1,193.9,180.8,185.8,185.0,185.8
2016-10-31T10:00,19,192.9,193.9,193.7,193.9,184.8,185.8,185.6,185.8
2016-11-01T09:15,19,194.9,195.9,195.7,195.9,186.8,187.8,187.6,187.8
2016-11-02T10:45,19,193.9,194.9,194.7,194.9,185.8,186.8,186.6,186.8
2016-11-03T12:15,19,192.9,193.9,193.7,193.9,185.4,186.4,186.2,186.4
2016-11-04T09:30,19,189.9,193.9,193.3,193.9,182.4,186.4,185.8,186.4
2016-11-14T11:30,19,188.9,192.9,192.3,192.9,181.4,185.4,184.8,185.4
2016-11-14T12:00,19,189.9,192.9,192.4,192.9,182.4,185.4,184.9,185.4
2016-11-14T13:45,19,188.9,192.9,192.3,192.9,181.4,185.4,184.8,185.4
2016-11-16T12:00,19,187.8,191.8,191.2,191.8,180.8,184.8,184.2,184.8
2016-11-18T10:00,19,187.5,191.5,190.9,191.5,180.3,184.3,183.7,184.3
2016-11-18T10:45,19,187.3,191.3,190.7,191.3,180.3,184.3,183.7,184.3
2016-12-05T11:30,19,190.3,194.3,193.7,194.3,183.3,187.3,186.7,187.3
2016-12-16T10:00,19,190.3,194.3,193.7,194.3,185.3,187.3,187.0,187.3
2016-12-16T10:15,19,190.3,194.3,193.7,194.3,184.3,187.3,186.8,187.3
2016-12-16T14:45,19,191.3,195.3,194.7,195.3,187.3,190.3,189.8,190.3
2016-12-19T09:00,19,190.3,194.3,193.7,194.3,184.3,187.3,186.8,187.3
2016-12-19T09:15,19,191.3,195.3,194.7,195.3,186.2,189.2,188.7,189.2
2016-12-27T09:15,19,193.3,197.3,196.7,197.3,188.2,191.2,190.7,191.2
2017-01-02T11:30,19,200.3,200.3,200.3,200.3,193.2,193.2,193.2,193.2
2017-01-02T12:45,19,201.9,201.9,201.9,201.9,194.2,194.2,194.2,194.2
2017-01-02T14:00,19,200.9,201.9,201.7,201.9,193.2,194.2,194.0,194.2
2017-01-02T15:00,19,199.9,201.9,201.7,201.9,193.2,194.2,194.0,194.2
2017-01-04T09:30,19,199.4,201.4,201.2,201.4,193.2,194.2,194.0,194.2
2017-01-04T09:45,19,199.4,201.4,201.1,201.4,192.2,194.2,193.9,194.2
2017-01-17T23:15,19,201.4,201.4,201.4,201.4,194.2,194.2,194.2,194.2
2017-01-24T09:45,19,199.4,201.4,201.1,201.4,192.2,194.2,193.9,194.2
2017-01-24T16:45,19,200.9,202.9,202.6,202.9,192.2,194.2,193.9,194.2
2017-02-14T09:00,19,201.9,203.9,203.6,203.9,193.2,195.2,194.9,195.2
2017-02-28T10:15,19,199.4,201.4,201.1,201.4,191.3,193.3,193.0,193.3
2017-02-28T10:30,19,199.4,201.4,201.1,201.4,191.1,193.1,192.8,193.1
2017-03-07T17:45,19,197.4,199.4,199.1,199.4,189.2,191.2,190.9,191.2
2017-03-21T16:00,19,195.4,197.4,197.1,197.4,187.2,189.2,188.9,189.2
2017-03-30T15:00,19,197.4,199.4,199.1,199.4,189.2,191.2,190.9,191.2
2017-03-31T10:00,19,195.4,197.4,197.1,197.4,187.2,189.2,188.9,189.2
2017-04-03T09:00,19,197.4,199.4,199.1,199.4,189.2,191.2,190.9,191.2
2017-04-05T16:00,19,199.4,201.4,201.1,201.4,189.2,191.2,190.9,191.2
2017-04-07T14:00,19,197.9,199.9,199.6,199.9,190.2,192.2,191.9,192.2
2017-04-07T15:45,19,199.9,201.9,201.6,201.9,190.2,192.2,191.9,192.2
2017-04-27T10:15,19,199.9,201.9,201.6,201.9,187.2,189.2,188.9,189.2
2017-05-02T13:30,19,197.9,199.9,199.6,199.9,185.2,187.2,186.9,187.2
2017-05-05T11:15,19,195.9,197.9,197.6,197.9,183.2,185.2,184.9,185.2
2017-05-23T14:00,19,193.9,195.9,195.6,195.9,181.2,183.2,182.9,183.2
2017-05-23T15:30,19,190.9,195.9,195.1,195.9,178.2,183.2,182.4,183.2
2017-06-01T11:15,19,189.9,195.9,195.1,195.9,178.2,183.2,182.4,183.2
2017-06-02T13:15,19,189.4,195.4,194.6,195.4,177.9,182.9,182.1,182.9
2017-06-06T15:45,19,189.4,193.4,192.8,193.4,175.9,179.9,179.3,179.9
2017-06-13T10:00,19,186.4,190.4,189.8,190.4,172.9,176.9,176.3,176.9
2017-06-19T15:45,19,183.2,190.4,189.3,190.4,170.7,176.9,175.9,176.9
2017-07-05T10:30,19,185.2,192.4,191.3,192.4,172.7,178.9,177.9,178.9
2017-07-07T17:00,19,183.2,192.4,190.9,192.4,170.7,178.9,177.6,178.9
2017-07-13T07:30,19,183.2,192.4,190.9,192.4,172.7,180.9,179.6,180.9
2017-07-13T07:45,19,188.4,194.4,193.5,194.4,174.9,180.9,180.0,180.9
2017-07-14T07:15,19,188.4,194.4,193.5,194.4,176.9,182.9,182.0,182.9
2017-07-14T08:30,19,184.7,194.4,192.9,194.4,173.9,182.9,181.5,182.9
2017-07-15T07:30,19,184.7,194.4,192.9,194.4,171.9,180.9,179.5,180.9
2017-07-17T08:15,19,184.7,194.4,192.9,194.4,173.9,182.9,181.5,182.9
2017-07-28T13:15,19,186.7,196.4,194.9,196.4,176.9,185.9,184.5,185.9
2017-08-15T13:00,19,190.7,198.4,197.2,198.4,180.9,187.9,186.8,187.9
2017-08-15T16:15,19,188.7,198.4,196.9,198.4,178.9,187.9,186.5,187.9
2017-08-18T16:00,19,186.4,198.4,196.7,198.4,175.9,187.9,186.3,187.9
2017-09-06T06:30,19,187.9,199.9,198.2,199.9,177.9,189.9,188.3,189.9
2017-09-07T15:00,19,187.9,199.9,197.6,199.9,177.9,189.9,187.7,189.9
2017-10-06T11:30,19,187.9,199.9,196.7,199.9,177.9,189.9,186.7,189.9
2017-10-11T12:00,19,190.9,202.9,199.7,202.9,180.9,192.9,189.7,192.9
2017-10-12T10:30,19,190.9,199.9,197.5,199.9,180.9,189.9,187.5,189.9
2017-10-12T22:00,19,187.9,199.9,196.7,199.9,177.9,189.9,186.7,189.9
2017-10-24T15:00,19,188.9,200.9,197.7,200.9,179.9,191.9,188.7,191.9
2017-10-26T09:45,19,187.9,199.9,196.7,199.9,179.9,191.9,188.7,191.9
2017-11-08T22:00,19,192.9,204.9,201.7,204.9,184.9,196.9,193.7,196.9
2017-11-09T14:30,19,191.9,203.9,200.7,203.9,183.9,195.9,192.7,195.9
2017-11-10T12:45,19,191.9,203.9,201.1,203.9,183.9,195.9,193.1,195.9
2017-11-16T11:30,19,193.9,203.9,201.6,203.9,185.9,195.9,193.6,195.9
2017-12-01T16:30,19,195.9,205.9,203.6,205.9,187.9,197.9,195.6,197.9
2017-12-06T11:30,19,195.9,203.9,202.1,203.9,187.9,195.9,194.1,195.9
2018-01-01T14:15,19,202.1,209.1,207.6,209.1,194.3,201.3,199.8,201.3
2018-01-03T12:15,19,201.9,208.9,207.4,208.9,193.9,200.9,199.4,200.9
2018-01-10T11:30,19,202.9,209.9,208.4,209.9,194.3,201.3,199.8,201.3
2018-01-12T10:45,19,202.9,209.9,208.4,209.9,195.3,202.3,200.8,202.3
2018-01-13T13:45,19,209.9,209.9,209.9,209.9,202.3,202.3,202.3,202.3
2018-01-14T07:45,19,202.9,209.9,208.4,209.9,195.3,202.3,200.8,202.3
2018-01-14T23:00,19,209.9,209.9,209.9,209.9,202.3,202.3,202.3,202.3
2018-01-16T08:00,19,202.9,209.9,208.4,209.9,195.3,202.3,200.8,202.3
2018-01-16T12:00,19,203.9,209.9,208.6,209.9,197.3,203.3,202.0,203.3
2018-01-17T09:45,19,203.9,209.9,208.6,209.9,196.3,202.3,201.0,202.3
2018-01-17T16:00,19,209.9,209.9,209.9,209.9,202.3,202.3,202.3,202.3
2018-01-18T09:00,19,203.9,209.9,208.6,209.9,196.3,202.3,201.0,202.3
2018-01-18T13:15,19,202.8,208.8,207.5,208.8,196.3,202.3,201.0,202.3
2018-01-19T10:15,19,201.9,207.9,206.6,207.9,193.3,199.3,198.0,199.3
2018-01-25T12:15,19,203.9,209.9,208.6,209.9,196.3,202.3,201.0,202.3
2018-01-29T13:45,19,204.9,210.9,209.6,210.9,197.3,203.3,202.0,203.3
2018-02-01T12:15,19,206.9,211.9,210.7,211.9,199.3,204.3,203.1,204.3
2018-02-02T10:15,19,205.9,210.9,209.7,210.9,198.3,203.3,202.1,203.3
2018-02-26T12:15,19,204.8,210.9,209.6,210.9,198.3,203.3,202.1,203.3
2018-04-11T17:15,19,206.8,212.9,211.6,212.9,200.3,205.3,204.1,205.3
2018-04-20T09:45,19,208.8,214.9,213.6,214.9,202.3,207.3,206.1,207.3
2018-04-23T10:00,19,209.9,214.9,213.7,214.9,202.3,207.3,206.1,207.3
2018-04-27T13:15,19,211.9,216.9,215.7,216.9,204.3,209.3,208.1,209.3
2018-04-30T14:15,19,209.9,214.9,213.7,214.9,202.3,207.3,206.1,207.3
2018-04-30T21:45,19,211.9,216.9,215.7,216.9,204.3,209.3,208.1,209.3
2018-04-30T23:30,19,189.9,216.9,214.6,216.9,182.9,209.3,207.0,209.3
2018-05-02T11:30,19,188.9,216.9,214.5,216.9,181.9,209.3,207.0,209.3
2018-05-08T11:00,19,191.9,219.9,217.5,219.9,183.9,211.3,209.0,211.3
2018-05-08T14:00,19,188.9,219.9,217.2,219.9,181.9,211.3,208.7,211.3
2018-05-17T10:30,19,191.9,222.9,220.2,222.9,184.9,214.3,211.7,214.3
2018-05-22T10:00,19,193.9,224.9,222.2,224.9,186.9,216.3,213.7,216.3
2018-05-24T14:30,19,195.9,226.9,224.2,226.9,188.9,218.3,215.7,218.3
2018-08-23T11:00,19,198.9,228.9,226.3,228.9,190.9,219.3,216.8,219.3
2018-08-27T10:30,19,197.9,228.9,226.2,228.9,189.9,219.3,216.7,219.3
2018-08-28T09:15,19,199.9,229.9,227.3,229.9,189.9,219.3,216.7,219.3
2018-08-29T11:15,19,197.9,227.8,225.2,227.8,189.9,218.2,215.7,218.2
2018-09-06T11:00,19,198.9,228.8,226.2,228.8,192.9,221.2,218.7,221.2
2018-09-13T15:30,19,199.9,229.8,227.2,229.8,195.9,224.2,221.7,224.2
2018-09-17T17:30,19,198.9,229.8,227.1,229.8,194.9,224.2,221.6,224.2
2018-10-02T15:30,19,198.9,229.8,227.1,229.8,197.9,227.2,224.6,227.2
2018-10-04T13:15,19,198.9,229.8,226.9,229.8,197.9,227.2,224.3,227.2
2018-10-10T16:30,19,200.9,231.8,228.9,231.8,201.9,231.2,228.3,231.2
2018-10-15T10:30,19,200.9,231.8,228.9,231.8,200.9,231.2,228.3,231.2
2018-11-02T17:15,19,200.9,231.8,228.6,231.8,200.9,231.2,228.0,231.2
2018-11-10T14:30,19,200.9,228.8,225.8,228.8,200.9,231.2,228.0,231.2
2018-11-16T13:00,19,200.9,228.8,225.8,228.8,200.9,229.2,226.1,229.2
2018-11-22T08:15,19,200.9,225.8,222.9,225.8,200.9,227.2,224.2,227.2
2018-11-24T16:15,19,200.9,225.8,222.9,225.8,200.9,226.2,223.3,226.2
2018-11-26T10:00,19,200.9,223.8,221.0,223.8,200.9,226.2,223.3,226.2
2018-11-27T20:45,19,200.9,222.8,218.9,222.8,200.9,225.2,222.3,225.2
2018-11-28T09:45,19,200.9,222.8,220.1,222.8,200.9,225.2,222.3,225.2
2018-11-28T15:30,19,200.9,222.8,220.1,222.8,199.9,224.2,221.3,224.2
2018-11-29T17:15,19,200.9,222.8,220.1,222.8,200.9,224.2,221.4,224.2
2018-11-29T23:30,19,200.9,222.8,220.1,222.8,199.9,224.2,221.3,224.2
2018-11-30T15:30,19,200.9,221.8,219.1,221.8,199.9,223.2,220.4,223.2
2018-12-04T12:00,19,199.9,221.8,219.1,221.8,198.9,223.2,220.3,223.2
2018-12-05T21:15,19,196.9,221.8,218.9,221.8,197.9,223.2,220.3,223.2
2019-01-05T15:00,19,196.9,220.5,217.7,220.5,197.9,220.8,218.0,220.8
2019-01-25T23:30,19,191.9,220.5,217.4,220.5,192.9,220.8,217.8,220.8
2019-02-05T10:45,19,191.9,221.5,218.4,221.5,192.9,221.8,218.7,221.8
2019-02-06T17:15,19,190.9,220.5,217.4,220.5,191.9,220.8,217.7,220.8
2019-02-18T17:00,19,192.9,222.5,219.4,222.5,193.9,222.8,219.7,222.8
2019-02-20T17:15,19,194.6,224.2,221.1,224.2,195.4,224.3,221.2,224.3
2019-02-28T12:45,19,193.9,224.2,221.0,224.2,194.9,224.3,221.2,224.3
2019-03-02T12:45,19,195.4,225.7,222.5,225.7,196.4,225.8,222.7,225.8
2019-03-07T21:30,19,193.9,225.7,222.4,225.7,194.9,225.8,222.6,225.8
2019-03-27T19:45,20,196.9,227.2,224.2,227.2,194.9,225.8,222.8,225.8
2019-03-28T21:00,20,199.2,229.5,226.5,229.5,196.7,227.6,224.6,227.6
2019-04-02T18:45,22,199.2,229.5,226.8,229.5,198.2,227.6,224.9,227.6
2019-04-12T19:00,23,201.0,231.3,228.7,231.3,198.2,227.6,225.0,227.6
2019-04-13T09:30,23,202.9,233.2,230.6,233.2,198.2,227.6,225.0,227.6
2019-04-16T12:00,23,204.9,235.2,232.6,235.2,198.2,227.6,225.0,227.6
2019-04-26T15:30,23,203.1,237.3,234.5,237.3,199.5,228.9,226.3,228.9
2019-04-26T15:45,23,207.0,237.3,234.7,237.3,199.5,228.9,226.3,228.9
2019-05-02T18:00,23,209.4,239.7,237.1,239.7,201.0,230.4,227.8,230.4
2019-05-20T21:45,23,211.4,241.7,239.1,241.7,202.0,231.4,228.8,231.4
2019-06-03T16:15,23,211.4,241.7,237.8,241.7,202.0,231.4,227.5,231.4
2019-06-05T07:47,23,211.4,238.7,235.0,238.7,202.0,227.9,224.4,227.9
2019-06-06T01:58,23,211.4,238.7,235.0,238.7,202.0,227.9,224.3,227.9
2019-06-12T17:00,23,209.4,236.7,233.0,236.7,200.0,225.9,222.3,225.9
2019-06-13T14:15,23,209.4,236.7,233.0,236.7,200.2,225.9,222.4,225.9
2019-06-13T16:00,23,209.4,236.7,233.0,236.7,200.0,225.7,222.2,225.7
2019-07-03T13:45,23,210.4,237.7,234.0,237.7,200.9,226.6,223.1,226.6
2019-07-03T16:45,23,209.4,236.7,233.0,236.7,201.8,227.5,224.0,227.5
2019-07-04T00:15,23,210.4,237.7,234.0,237.7,200.9,226.6,223.1,226.6
2019-07-10T12:45,24,210.4,237.7,234.2,237.7,200.9,226.6,223.2,226.6
2019-07-10T16:00,24,210.4,239.0,235.4,239.0,200.9,227.7,224.2,227.7
2019-07-11T11:00,24,208.4,239.0,235.2,239.0,198.9,227.7,224.0,227.7
2019-07-15T15:15,24,206.4,240.2,236.1,240.2,196.9,228.7,224.8,228.7
2019-07-24T16:00,24,204.9,240.2,236.0,240.2,195.9,228.7,224.7,228.7
2019-07-25T13:00,24,204.9,237.2,233.3,237.2,195.9,226.7,222.9,226.7
2019-07-26T13:15,24,202.9,235.2,231.3,235.2,195.9,226.7,222.9,226.7
2019-08-07T16:45,24,202.9,234.2,230.3,234.2,193.9,224.7,220.9,224.7
2019-08-08T10:00,24,202.9,234.2,230.3,234.2,195.9,224.7,221.0,224.7
2019-08-15T15:30,24,202.9,234.2,230.1,234.2,195.9,224.7,220.8,224.7
2019-08-23T15:30,24,200.9,232.2,228.1,232.2,192.9,221.7,217.8,221.7
2019-09-12T10:15,24,198.9,232.2,228.0,232.2,190.9,221.7,217.7,221.7
2019-09-17T10:15,24,198.9,234.7,230.3,234.7,190.9,223.7,219.5,223.7
2019-09-19T15:00,24,197.9,234.7,230.2,234.7,189.9,223.7,219.4,223.7
2019-09-20T09:15,24,198.9,236.7,232.1,236.7,190.9,227.7,223.2,227.7
2019-09-23T09:45,24,200.9,236.7,232.3,236.7,192.9,227.7,223.3,227.7
2019-09-23T16:45,24,198.9,236.7,232.1,236.7,190.9,227.7,223.2,227.7
2019-09-25T10:00,24,200.9,236.7,232.3,236.7,192.9,227.7,223.3,227.7
2019-10-02T18:30,25,200.9,236.7,232.2,236.7,192.9,227.7,223.3,227.7
2019-10-07T10:30,25,200.9,236.7,232.2,236.7,194.9,227.7,223.5,227.7
2019-10-17T11:00,25,202.9,236.7,232.4,236.7,196.9,227.7,223.6,227.7
2019-11-05T16:30,25,202.9,236.7,232.6,236.7,196.9,227.7,223.8,227.7
2019-11-13T15:15,25,204.9,236.7,232.8,236.7,198.9,227.7,224.0,227.7
2019-11-28T15:15,25,204.9,236.7,232.8,236.7,200.9,229.7,226.0,229.7
2019-12-03T21:00,25,207.0,236.7,232.9,236.7,203.0,229.7,226.2,229.7
2019-12-03T21:15,25,204.9,234.6,230.8,234.6,200.9,227.6,224.1,227.6
2019-12-09T19:45,25,201.8,234.6,230.6,234.6,198.8,227.6,223.9,227.6
2019-12-12T16:00,25,201.8,234.6,230.6,234.6,200.3,229.1,225.4,229.1
2019-12-17T10:15,25,203.1,235.9,231.9,235.9,202.3,231.1,227.4,231.1
2019-12-23T12:00,25,201.9,235.9,231.8,235.9,200.3,231.1,227.2,231.1
2019-12-30T14:30,25,203.4,237.4,233.3,237.4,201.8,232.6,228.7,232.6
2020-01-27T13:15,25,202.2,236.2,232.1,236.2,200.2,231.0,227.1,231.0
2020-01-28T13:30,25,202.2,235.2,231.2,235.2,200.2,229.8,226.0,229.8
2020-01-28T14:00,25,202.9,235.2,231.2,235.2,200.9,229.8,226.1,229.8
2020-02-04T14:30,25,201.6,233.9,229.9,233.9,197.3,226.2,222.5,226.2
2020-02-04T14:45,25,202.9,233.9,230.0,233.9,200.9,226.2,222.8,226.2
2020-02-05T11:00,25,202.2,233.9,230.0,233.9,199.9,226.2,222.7,226.2
2020-02-22T08:45,25,204.2,235.9,232.0,235.9,200.9,227.2,223.7,227.2
2020-02-25T15:15,25,204.2,234.8,231.0,234.8,200.9,225.7,222.3,225.7
2020-03-08T18:15,25,202.2,232.8,229.0,232.8,199.4,224.2,220.8,224.2
2020-03-09T10:15,25,201.2,231.8,228.0,231.8,197.6,222.4,219.0,222.4
2020-03-13T15:45,25,198.2,227.4,223.7,227.4,195.6,219.2,215.9,219.2
2020-03-17T10:00,25,197.7,225.7,222.1,225.7,195.6,219.2,215.9,219.2
2020-03-17T18:30,25,196.9,224.9,221.3,224.9,194.9,218.4,215.1,218.4
2020-03-20T17:15,25,195.9,223.9,220.3,223.9,194.4,217.9,214.6,217.9
2020-03-23T13:00,25,193.9,221.9,218.3,221.9,193.4,216.9,213.6,216.9
2020-03-30T16:45,25,188.9,216.9,213.3,216.9,188.4,211.9,208.6,211.9
2020-04-08T17:15,25,188.9,216.9,213.3,216.9,186.4,211.9,208.5,211.9
2020-04-09T11:15,25,184.9,214.9,211.1,214.9,186.4,211.9,208.5,211.9
2020-04-09T11:30,25,186.9,214.9,211.3,214.9,186.4,211.9,208.5,211.9
2020-04-20T13:30,25,184.9,214.9,211.1,214.9,184.4,211.9,208.3,211.9
2020-04-22T15:30,25,187.9,214.9,211.3,214.9,186.9,211.9,208.5,211.9
2020-04-22T15:45,25,184.9,211.9,208.3,211.9,184.4,209.4,206.0,209.4
2020-04-22T16:15,25,184.9,210.5,207.1,210.5,184.4,207.6,204.3,207.6
2020-04-25T11:00,25,184.9,210.5,207.1,210.5,183.9,207.6,204.3,207.6
2020-04-28T15:00,25,183.5,209.5,206.0,209.5,181.4,205.6,202.3,205.6
2020-06-10T12:00,25,183.5,211.3,207.7,211.3,181.3,206.8,203.4,206.8
2020-06-15T10:15,25,183.5,211.3,207.7,211.3,179.9,206.8,203.2,206.8
2020-06-18T18:30,25,183.5,214.9,211.0,214.9,179.9,206.8,203.2,206.8
2020-06-23T08:15,25,185.5,216.9,213.0,216.9,180.9,207.8,204.2,207.8
2020-06-25T13:30,25,183.5,218.7,214.5,218.7,182.3,208.8,205.3,208.8
2020-06-25T13:45,25,183.5,218.7,214.5,218.7,180.9,208.8,205.2,208.8
2020-07-06T12:45,25,185.5,220.7,216.5,220.7,181.9,209.8,206.2,209.8
2020-07-07T10:15,25,183.5,218.7,214.5,218.7,181.5,209.4,205.8,209.4
2020-07-08T09:45,25,183.5,218.7,214.4,218.7,181.5,209.4,205.7,209.4
2020-07-14T10:15,25,185.5,220.7,216.4,220.7,182.9,210.8,207.1,210.8
2020-07-23T15:30,25,185.5,220.7,216.4,220.7,182.6,210.8,207.1,210.8
2020-07-23T16:30,25,185.5,220.7,216.4,220.7,181.5,210.8,207.0,210.8
2020-08-04T08:45,25,187.5,222.7,218.4,222.7,181.5,210.8,207.0,210.8
2020-09-07T15:45,25,187.5,222.7,218.0,222.7,181.5,210.8,207.0,210.8
2020-09-08T11:15,25,185.5,222.7,217.9,222.7,181.5,210.8,207.0,210.8
2020-09-21T11:00,25,185.5,222.7,216.4,222.7,181.5,210.8,205.9,210.8
2020-10-30T12:30,25,185.5,221.7,215.8,221.7,181.5,208.8,204.7,208.8
2020-11-25T11:30,25,186.5,222.7,216.8,222.7,183.5,210.8,206.7,210.8
2020-11-27T14:00,25,186.5,222.7,216.6,222.7,183.5,210.8,206.4,210.8
2020-12-23T14:48,25,187.5,223.7,217.6,223.7,185.5,212.8,208.4,212.8
2020-12-30T17:30,25,189.5,225.7,219.6,225.7,188.5,215.8,211.4,215.8
2021-01-07T14:15,25,191.5,227.7,221.6,227.7,190.5,217.8,213.4,217.8
2021-01-14T10:45,25,193.4,230.6,224.4,230.6,191.9,218.7,214.3,218.7
2021-01-26T14:45,25,197.4,232.6,226.6,232.6,192.9,219.7,215.3,219.7
2021-02-02T00:30,25,193.4,230.6,224.4,230.6,191.9,218.7,214.3,218.7
2021-02-04T14:45,25,198.4,234.6,228.5,234.6,193.9,220.7,216.3,220.7
2021-02-05T14:00,25,193.4,230.6,224.6,230.6,191.9,218.7,214.4,218.7
2021-02-05T15:45,25,193.4,230.6,224.8,230.6,191.9,218.7,214.2,218.7
2021-02-09T11:30,25,195.4,232.6,226.8,232.6,193.9,220.7,216.2,220.7
2021-02-10T08:15,25,197.4,234.6,228.8,234.6,195.9,222.7,218.2,222.7
2021-02-18T09:30,25,199.4,236.6,230.8,236.6,197.9,224.7,220.2,224.7
2021-02-23T09:00,25,201.4,238.6,232.8,238.6,197.9,224.7,220.2,224.7
2021-02-25T14:15,25,202.5,239.7,233.9,239.7,199.4,226.2,221.7,226.2
2021-02-26T15:00,25,204.5,241.7,235.9,241.7,200.9,227.7,223.2,227.7
2021-03-08T11:00,25,205.5,242.7,236.9,242.7,201.9,228.7,224.2,228.7
2021-03-11T17:15,25,208.5,245.7,239.9,245.7,203.9,230.7,226.2,230.7
2021-03-17T10:45,25,208.5,245.7,239.5,245.7,203.9,230.7,226.1,230.7
2021-03-22T11:15,25,206.5,243.7,237.5,243.7,201.9,228.7,224.1,228.7
2021-03-22T11:30,25,206.5,243.7,237.8,243.7,201.9,228.7,224.4,228.7
2021-03-23T16:45,25,205.4,242.6,236.7,242.6,199.8,226.6,222.3,226.6
2021-03-23T17:15,25,205.4,242.6,237.0,242.6,199.8,226.6,222.8,226.6
2021-03-24T13:00,25,205.4,242.6,236.8,242.6,199.8,226.6,222.4,226.6
2021-04-19T11:45,25,207.4,243.6,237.9,243.6,199.8,226.6,222.4,226.6
2021-04-24T21:15,25,205.4,242.6,236.5,242.6,199.8,226.6,222.2,226.6
2021-05-03T11:15,25,206.4,239.6,234.2,239.6,199.8,226.6,222.2,226.6
2021-05-05T11:00,25,205.4,236.6,232.0,236.6,199.8,226.6,222.2,226.6
2021-05-10T10:45,25,206.4,233.6,230.3,233.6,199.8,226.6,222.2,226.6
2021-05-12T09:15,25,206.4,233.6,230.2,233.6,199.8,226.6,222.2,226.6
2021-05-12T11:15,25,205.4,233.6,230.0,233.6,199.8,226.6,222.2,226.6
2021-06-04T17:30,25,207.4,235.6,232.0,235.6,200.8,227.6,223.2,227.6
2021-06-11T16:30,25,207.4,237.6,233.8,237.6,200.8,227.6,223.2,227.6
2021-06-16T11:00,25,209.4,239.6,235.8,239.6,202.8,229.6,225.2,229.6
2021-06-22T14:30,25,211.4,241.6,237.8,241.6,204.8,231.6,227.2,231.6
2021-06-28T15:30,25,213.4,243.6,239.8,243.6,206.8,233.6,229.2,233.6
2021-06-28T22:15,25,213.4,243.6,239.8,243.6,205.8,232.6,228.2,232.6
2021-06-30T10:30,25,213.4,246.6,242.4,246.6,205.8,232.6,228.2,232.6
2021-06-30T14:30,25,216.4,249.6,245.4,249.6,207.8,234.6,230.2,234.6
2021-06-30T16:00,25,216.4,249.6,244.0,249.6,207.8,234.6,229.8,234.6
2021-07-06T11:45,25,216.4,249.6,243.7,249.6,207.8,234.6,229.7,234.6
2021-07-17T17:45,25,216.4,251.6,245.5,251.6,207.8,234.6,229.7,234.6
2021-08-09T17:45,25,217.9,253.1,247.0,253.1,208.8,235.6,230.7,235.6
2021-09-01T20:30,25,219.3,254.9,248.7,254.9,208.7,234.9,230.1,234.9
2021-09-03T17:45,25,219.3,256.9,250.5,256.9,208.7,235.9,230.9,235.9
2021-09-09T00:00,25,220.3,257.9,251.5,257.9,209.7,236.9,231.9,236.9
2021-09-09T10:45,25,222.3,257.9,251.7,257.9,210.7,236.9,232.1,236.9
2021-09-14T09:45,25,222.3,257.9,251.6,257.9,210.7,236.9,232.1,236.9
2021-09-15T14:15,25,222.3,258.9,251.7,258.9,210.7,237.9,232.5,237.9
2021-09-17T16:15,25,222.3,258.9,251.7,258.9,212.7,239.9,234.5,239.9
2021-09-23T12:00,25,220.4,258.9,251.4,258.9,212.6,239.9,234.5,239.9
2021-09-27T11:15,25,221.9,260.4,252.9,260.4,214.1,241.4,236.0,241.4
2021-09-29T10:00,25,222.9,261.4,253.9,261.4,215.1,242.4,237.0,242.4
2021-10-01T11:45,25,224.9,263.4,255.9,263.4,216.6,243.9,238.5,243.9
2021-10-04T18:45,25,225.9,264.4,256.9,264.4,217.6,244.9,239.5,244.9
2021-10-05T13:45,25,227.9,265.4,258.0,265.4,219.6,246.9,241.5,246.9
2021-10-06T18:30,25,228.9,266.4,259.0,266.4,221.6,248.9,243.5,248.9
2021-10-11T13:15,25,230.9,268.4,261.0,268.4,222.6,249.9,244.5,249.9
2021-10-15T22:30,25,231.9,269.4,262.0,269.4,223.6,250.9,245.5,250.9
2021-10-19T17:15,25,233.9,271.4,264.0,271.4,225.6,252.9,247.5,252.9
2021-10-22T11:15,25,233.9,271.4,263.9,271.4,225.6,252.9,247.4,252.9
2021-10-27T10:45,25,235.9,273.4,265.9,273.4,227.6,254.9,249.4,254.9
2021-11-10T10:45,25,236.9,273.4,266.0,273.4,228.6,254.9,249.6,254.9
2021-11-18T16:45,25,235.8,273.4,265.9,273.4,226.6,254.9,249.3,254.9
2021-11-22T09:30,25,234.9,272.5,265.0,272.5,226.6,254.9,249.3,254.9
2021-12-01T11:15,25,233.9,270.8,263.4,270.8,225.9,253.8,248.3,253.8
2021-12-16T09:30,25,233.9,269.8,262.5,269.8,225.9,252.8,247.4,252.8
2021-12-17T14:45,25,233.9,268.8,261.6,268.8,225.9,251.8,246.5,251.8
2021-12-21T16:15,25,233.9,264.9,258.7,264.9,225.9,250.4,245.7,250.4
2021-12-31T11:15,25,234.9,265.9,259.7,265.9,225.9,250.4,245.7,250.4
2022-01-03T09:30,25,237.6,268.6,262.4,268.6,228.3,252.8,248.1,252.8
2022-01-16T18:45,25,238.9,270.6,264.4,270.6,229.9,254.8,250.1,254.8
2022-01-18T14:15,25,238.9,270.6,264.4,270.6,231.9,256.8,252.1,256.8
2022-01-21T14:45,25,239.9,271.6,265.4,271.6,233.9,258.8,254.1,258.8
2022-01-27T13:15,25,242.9,274.6,268.4,274.6,236.9,261.8,257.1,261.8
2022-01-31T11:30,25,244.9,276.6,270.4,276.6,238.9,263.8,259.1,263.8
2022-02-08T10:15,25,246.9,278.6,272.4,278.6,240.9,265.8,261.1,265.8
2022-02-14T13:45,25,247.9,278.9,272.7,278.9,240.9,265.8,261.1,265.8
2022-02-23T16:30,25,249.9,280.9,274.7,280.9,241.9,266.8,262.1,266.8
2022-03-01T09:15,25,251.9,282.9,276.7,282.9,243.9,268.8,264.1,268.8
2022-03-01T17:15,25,253.9,284.9,278.7,284.9,243.9,268.8,264.1,268.8
2022-03-02T15:45,25,253.9,284.9,278.7,284.9,245.9,268.8,264.3,268.8
2022-03-04T11:30,25,253.9,284.9,278.7,284.9,248.9,271.8,267.3,271.8
2022-03-04T13:15,25,255.9,286.9,280.7,286.9,251.9,274.8,270.3,274.8
2022-03-07T14:15,25,258.9,289.9,283.7,289.9,257.9,280.8,276.3,280.8
2022-03-08T13:30,25,264.9,298.9,292.4,298.9,264.9,292.9,287.8,292.9
2022-03-09T11:15,25,269.9,300.9,294.7,300.9,274.8,297.8,293.3,297.8
2022-03-11T16:15,25,267.9,298.9,292.7,298.9,273.8,296.8,292.3,296.8
2022-03-16T18:45,25,265.9,296.9,290.7,296.9,271.8,294.8,290.3,294.8
2022-03-23T14:30,25,265.9,296.9,290.7,296.9,273.8,296.8,292.3,296.8
2022-03-24T19:15,25,267.9,298.9,292.7,298.9,274.8,297.8,293.3,297.8
2022-04-05T17:30,25,270.9,299.9,294.0,299.9,277.8,299.8,295.4,299.8
2022-04-06T10:15,25,269.9,299.9,293.9,299.9,276.8,299.8,295.3,299.8
2022-04-11T10:15,25,268.9,299.9,293.7,299.9,276.8,299.8,295.3,299.8
2022-04-27T09:30,25,270.9,301.9,295.7,301.9,278.8,301.8,297.3,301.8
2022-04-28T09:30,25,271.9,302.9,296.7,302.9,279.8,302.8,298.3,302.8
2022-04-28T10:00,25,272.9,303.9,297.7,303.9,280.8,303.8,299.3,303.8
2022-04-29T11:15,25,274.9,305.9,299.7,305.9,282.8,305.8,301.3,305.8
2022-05-02T09:15,25,276.9,307.9,301.7,307.9,284.8,307.8,303.3,307.8
2022-05-03T16:30,25,276.9,307.9,301.7,307.9,284.8,309.8,305.1,309.8
2022-05-05T14:00,25,274.9,305.9,299.7,305.9,284.8,307.8,303.3,307.8
2022-05-09T12:00,25,278.8,307.9,302.0,307.9,287.7,310.8,306.3,310.8
2022-05-09T13:15,25,278.8,308.9,302.8,308.9,287.7,310.8,306.3,310.8
2022-05-10T09:45,25,276.8,307.9,301.7,307.9,286.7,309.8,305.3,309.8
2022-05-12T14:15,25,278.8,309.9,303.7,309.9,288.7,311.8,307.3,311.8
2022-05-13T10:00,25,276.6,307.7,301.5,307.7,286.5,309.6,305.1,309.6
2022-05-16T10:00,25,279.6,310.7,304.5,310.7,286.5,309.6,305.1,309.6
2022-05-19T18:00,25,283.6,314.7,308.5,314.7,286.5,309.6,305.1,309.6
2022-05-20T16:15,25,281.6,312.7,306.5,312.7,286.5,309.6,305.1,309.6
2022-05-24T10:45,25,283.6,314.7,308.5,314.7,286.5,309.6,305.1,309.6
2022-05-25T13:00,25,281.6,312.7,306.5,312.7,286.5,309.6,305.1,309.6
2022-05-25T15:30,25,283.6,314.7,308.5,314.7,286.5,309.6,305.1,309.6
2022-05-27T14:15,25,286.6,317.7,311.5,317.7,287.5,310.6,306.1,310.6
2022-05-27T17:45,25,288.3,319.4,313.2,319.4,289.3,312.4,307.9,312.4
2022-05-31T17:00,25,291.2,322.3,316.1,322.3,291.2,314.3,309.8,314.3
2022-06-02T10:30,25,293.2,324.3,318.1,324.3,291.2,314.3,309.8,314.3
2022-06-03T15:45,25,296.2,327.3,321.1,327.3,294.2,317.3,312.8,317.3
2022-06-07T13:45,25,299.1,331.3,325.1,331.3,298.1,321.3,316.8,321.3
2022-06-07T14:00,25,299.1,331.3,324.8,331.3,298.1,321.3,316.6,321.3
2022-06-08T12:30,25,300.1,331.3,324.8,331.3,298.1,321.3,316.6,321.3
2022-06-09T12:30,25,303.1,334.3,327.8,334.3,300.1,323.3,318.6,323.3
2022-06-09T14:00,25,303.1,345.1,337.3,345.1,300.1,335.1,328.9,335.1
2022-06-09T19:00,25,313.9,345.1,338.6,345.1,311.9,335.1,330.4,335.1
2022-06-10T14:00,25,312.3,343.5,337.0,343.5,310.3,333.5,328.8,333.5
2022-06-11T10:15,25,313.7,343.5,337.2,343.5,311.7,333.5,328.9,333.5
2022-06-13T19:15,25,323.7,353.5,347.2,353.5,311.7,333.5,328.9,333.5
2022-06-13T19:30,25,325.1,354.9,348.6,354.9,311.7,333.5,328.9,333.5
2022-06-14T13:00,25,313.7,354.9,347.2,354.9,311.7,333.5,328.9,333.5
2022-06-14T15:00,25,322.8,354.9,348.3,354.9,315.9,337.7,333.1,337.7
2022-06-14T17:30,25,320.8,350.4,344.1,350.4,315.9,337.7,333.1,337.7
2022-06-15T11:30,25,320.8,350.4,344.3,350.4,315.8,337.5,332.9,337.5
2022-06-15T11:45,25,320.8,350.4,344.2,350.4,315.8,337.5,332.8,337.5
2022-06-15T16:30,25,320.8,350.4,343.9,350.4,315.8,337.5,332.8,337.5
2022-06-16T15:30,25,320.8,350.4,343.9,350.4,319.7,341.4,336.7,341.4
2022-06-20T16:15,25,320.8,350.4,343.9,350.4,321.2,342.9,338.2,342.9
2022-06-21T16:45,25,320.8,350.4,343.9,350.4,319.7,341.4,336.7,341.4
2022-06-23T17:45,25,320.8,350.4,343.9,350.4,323.6,345.3,340.6,345.3
2022-06-24T17:30,25,320.1,349.8,343.4,349.8,322.7,345.3,340.2,345.3
2022-06-30T07:15,25,324.6,354.3,347.9,354.3,327.2,349.8,344.7,349.8
2022-07-01T17:45,25,320.1,349.8,343.4,349.8,322.7,345.9,340.8,345.9
2022-07-06T18:00,25,317.6,347.4,341.0,347.4,320.1,343.3,338.3,343.3
2022-07-07T14:45,25,317.6,347.4,341.0,347.4,321.5,343.3,338.5,343.3
2022-07-07T15:45,25,317.6,347.4,341.0,347.4,321.5,341.9,337.3,341.9
2022-07-07T16:30,25,316.0,345.8,339.4,345.8,318.6,340.3,335.5,340.3
2022-07-11T16:45,25,319.0,345.8,339.8,345.8,321.3,340.3,335.8,340.3
2022-07-12T13:45,25,319.0,345.7,339.7,345.7,321.3,340.2,335.7,340.2
2022-07-13T09:15,25,321.3,345.7,340.0,345.7,321.3,340.2,335.7,340.2
2022-07-13T17:30,25,321.3,345.7,340.2,345.7,321.3,340.2,335.9,340.2
2022-07-14T11:45,25,318.9,344.9,339.4,344.9,321.3,340.2,335.9,340.2
2022-07-15T14:00,25,318.9,343.5,338.5,343.5,321.3,339.3,335.3,339.3
2022-07-19T14:00,25,315.8,343.5,338.1,343.5,320.1,339.3,335.2,339.3
2022-07-21T13:00,25,314.2,343.1,337.5,343.1,317.2,337.8,333.5,337.8
2022-07-21T13:45,25,314.2,342.1,336.7,342.1,317.2,337.8,333.5,337.8
2022-07-23T15:45,25,314.2,342.1,336.5,342.1,317.2,337.8,333.4,337.8
2022-07-24T13:00,25,314.1,342.0,336.2,342.0,317.1,336.4,332.1,336.4
2022-07-24T13:30,25,314.1,342.0,336.0,342.0,317.1,336.4,332.4,336.4
2022-07-28T15:30,25,314.1,341.1,335.3,341.1,317.1,336.2,332.3,336.2
2022-08-02T14:00,25,312.9,340.2,334.4,340.2,314.2,333.9,329.9,333.9
2022-08-03T10:15,25,312.7,340.2,334.3,340.2,314.2,333.9,329.9,333.9
2022-08-03T16:45,25,312.7,338.1,332.5,338.1,314.2,332.2,328.4,332.2
2022-08-03T17:15,25,312.7,338.1,332.7,338.1,314.2,332.2,328.5,332.2
2022-08-05T10:15,25,310.9,337.2,331.7,337.2,313.3,331.9,328.1,331.9
2022-08-05T10:30,25,310.9,337.2,331.7,337.2,313.3,331.9,327.9,331.9
2022-08-05T10:45,25,310.9,337.2,331.6,337.2,313.3,331.9,327.9,331.9
2022-08-05T14:00,25,310.8,337.2,331.6,337.2,313.2,331.9,327.9,331.9
2022-08-05T14:45,25,310.8,337.2,331.5,337.2,313.2,331.9,327.8,331.9
2022-08-08T14:30,25,310.6,336.0,330.4,336.0,313.2,331.2,327.2,331.2
2022-08-08T14:45,25,310.8,336.0,330.4,336.0,313.2,331.2,327.2,331.2
2022-08-09T09:15,25,310.6,336.0,330.4,336.0,313.1,331.2,327.2,331.2
2022-08-09T10:15,25,310.6,336.0,330.4,336.0,312.2,331.2,327.1,331.2
2022-08-09T15:45,25,310.6,336.0,330.4,336.0,312.1,329.8,325.8,329.8
2022-08-09T16:00,25,310.6,336.0,330.4,336.0,312.1,329.8,325.9,329.8
2022-08-09T17:15,25,310.6,336.0,330.4,336.0,310.1,329.8,325.6,329.8
2022-08-12T09:00,25,310.6,335.8,330.3,335.8,310.1,328.2,324.6,328.2
2022-08-15T13:45,25,307.6,332.8,327.3,332.8,309.1,327.2,323.6,327.2
2022-08-15T17:15,25,307.6,332.8,327.3,332.8,309.1,327.2,323.5,327.2
2022-08-16T09:30,25,307.5,332.8,327.3,332.8,307.2,326.8,322.9,326.8
2022-08-16T09:45,25,307.5,332.8,327.3,332.8,307.2,326.8,322.5,326.8
2022-08-16T10:45,25,307.5,332.8,327.3,332.8,307.1,326.8,322.5,326.8
2022-08-19T16:30,25,307.5,331.1,325.8,331.1,307.1,324.8,321.3,324.8
2022-08-24T10:15,25,304.5,328.1,322.8,328.1,307.1,324.8,321.3,324.8
2022-08-24T10:30,25,304.8,328.1,323.5,328.1,307.1,324.8,321.3,324.8
2022-08-26T10:30,25,304.8,328.1,323.5,328.1,309.1,326.8,323.3,326.8
2022-09-01T13:15,25,301.8,325.1,320.5,325.1,309.1,326.8,323.3,326.8
2022-09-06T09:45,25,301.7,325.0,320.4,325.0,309.0,326.7,323.2,326.7
2022-09-06T10:00,25,301.7,325.0,320.4,325.0,309.0,326.7,323.1,326.7
2022-09-10T17:30,25,299.7,323.0,318.3,323.0,308.8,326.7,323.1,326.7
2022-09-16T03:45,25,299.7,323.0,318.3,323.0,306.8,324.7,321.1,324.7
2022-09-19T11:46,25,299.7,323.0,318.3,323.0,305.2,322.7,319.4,322.7
2022-09-19T14:45,25,299.7,323.0,318.3,323.0,304.8,322.7,319.4,322.7
2022-09-21T10:15,25,299.7,323.0,318.3,323.0,304.7,322.7,319.0,322.7
2022-09-26T12:30,25,298.9,322.2,317.5,322.2,303.9,320.9,317.3,320.9
2022-09-26T14:15,25,298.8,322.2,317.5,322.2,303.8,320.9,317.3,320.9
2022-10-03T09:00,25,298.8,322.2,317.5,322.2,302.8,319.9,316.3,319.9
2022-10-06T10:15,25,301.8,325.2,320.5,325.2,305.8,322.9,319.3,322.9
2022-10-10T14:00,25,304.8,328.2,323.5,328.2,309.8,326.9,323.3,326.9
2022-10-12T10:00,25,304.7,328.1,323.4,328.1,309.7,326.8,323.2,326.8
2022-10-26T14:00,25,304.7,328.1,323.4,328.1,311.7,328.8,325.2,328.8
2022-10-26T15:00,25,304.7,328.1,323.4,328.1,311.6,328.7,325.1,328.7
2022-10-28T16:00,25,304.7,328.1,323.4,328.1,313.6,330.7,327.1,330.7
2022-11-05T16:31,25,306.7,330.1,325.4,330.1,315.6,332.7,329.1,332.7
2022-11-07T09:00,25,306.6,330.0,325.3,330.0,315.5,332.6,329.0,332.6
2022-11-07T14:45,25,306.5,330.0,325.3,330.0,315.5,332.6,329.0,332.6
2022-11-07T15:00,25,306.5,330.0,325.3,330.0,317.5,334.6,331.0,334.6
2022-11-24T11:45,25,306.5,330.0,325.3,330.0,315.8,334.6,330.8,334.6
2022-11-24T15:00,25,306.5,330.0,325.3,330.0,315.4,334.6,330.8,334.6
2022-11-25T16:45,25,306.4,329.9,325.2,329.9,315.4,332.5,328.9,332.5
2022-11-28T18:15,25,302.3,325.8,321.1,325.8,315.4,332.5,328.9,332.5
2022-11-29T09:15,25,302.3,325.8,321.1,325.8,314.8,332.5,328.8,332.5
2022-11-29T09:45,25,302.2,325.8,321.1,325.8,314.8,332.5,328.8,332.5
2022-11-29T11:45,25,302.2,325.8,321.1,325.8,314.1,331.8,328.1,331.8
2022-11-29T12:00,25,302.2,325.8,321.1,325.8,314.7,331.8,328.2,331.8
2022-12-07T10:15,25,302.2,325.8,321.1,325.8,312.8,329.9,326.3,329.9
2022-12-07T15:15,25,300.1,323.7,319.0,323.7,312.8,329.9,326.3,329.9
2022-12-23T13:00,25,300.1,323.7,318.9,323.7,312.8,329.9,326.3,329.9
2022-12-27T16:00,25,300.0,323.7,318.9,323.7,312.7,329.9,326.3,329.9
2022-12-27T16:15,25,300.0,323.6,318.8,323.6,312.7,329.8,326.2,329.8
2022-12-29T08:45,25,299.8,323.4,318.6,323.4,312.7,329.8,326.2,329.8
2022-12-29T09:00,25,299.8,323.4,318.6,323.4,312.6,329.7,326.1,329.7
2023-01-02T09:30,25,304.45,328.05,323.3,328.05,319.05,336.15,332.5,336.15
2023-01-03T14:30,25,304.3,327.9,323.1,327.9,318.9,336.0,332.4,336.0
2023-01-06T12:15,25,302.0,325.6,320.8,325.6,316.8,333.9,330.3,333.9
2023-02-03T10:15,25,302.0,325.6,320.8,325.6,314.8,331.9,328.3,331.9
2023-02-06T13:15,25,302.0,325.6,320.8,325.6,312.8,329.9,326.3,329.9
2023-02-21T15:00,25,303.0,326.6,321.8,326.6,312.8,329.9,326.3,329.9
2023-03-07T14:15,25,301.9,325.5,320.7,325.5,312.8,329.9,326.3,329.9
2023-03-14T13:00,25,301.9,325.5,320.7,325.5,311.6,328.7,325.1,328.7
2023-03-14T13:15,25,301.9,325.5,320.7,325.5,310.8,327.9,324.3,327.9
2023-03-16T10:30,25,301.9,325.5,320.7,325.5,308.8,325.9,322.3,325.9
2023-03-16T11:45,25,299.8,323.4,318.6,323.4,308.8,325.9,322.3,325.9
2023-04-12T17:15,25,299.8,323.4,318.6,323.4,304.8,325.9,321.8,325.9
2023-04-12T17:45,25,296.8,320.4,315.6,320.4,304.8,325.9,321.8,325.9
2023-04-13T16:15,25,296.8,320.4,315.6,320.4,304.8,324.1,320.2,324.1
2023-04-13T16:30,25,296.8,320.4,315.6,320.4,303.6,322.9,319.0,322.9
2023-04-23T23:45,25,292.7,319.3,314.2,319.3,298.5,316.0,312.3,316.0
2023-04-24T09:45,25,292.7,319.3,314.1,319.3,298.5,316.0,312.3,316.0
2023-04-25T14:00,25,292.6,319.3,314.1,319.3,298.4,316.0,312.3,316.0
2023-04-25T14:30,25,292.6,319.2,314.0,319.2,298.4,315.9,312.2,315.9
2023-05-03T09:15,25,292.6,319.2,314.0,319.2,296.4,313.9,310.2,313.9
2023-05-08T09:45,25,292.6,319.2,314.0,319.2,294.4,313.9,310.0,313.9
2023-05-08T10:30,25,290.6,317.2,312.0,317.2,294.4,313.9,310.0,313.9
2023-05-09T13:15,25,290.6,317.2,312.0,317.2,292.4,311.9,308.0,311.9
2023-05-09T13:30,25,290.6,317.2,312.0,317.2,292.3,311.8,307.9,311.8
2023-05-10T10:00,25,290.0,316.6,311.4,316.6,292.3,311.8,307.9,311.8
2023-05-10T14:15,25,289.8,316.6,311.4,316.6,292.3,311.8,307.9,311.8
2023-06-15T10:00,25,287.8,316.6,311.1,316.6,290.3,311.8,307.6,311.8
2023-06-15T15:45,25,287.8,316.6,311.1,316.6,289.7,311.2,307.0,311.2
2023-06-19T10:15,25,285.8,314.6,309.1,314.6,287.7,309.2,305.0,309.2
2023-06-19T17:15,25,283.7,312.5,307.0,312.5,287.7,309.2,305.0,309.2
2023-08-15T11:30,25,285.7,314.5,309.0,314.5,287.7,309.2,305.0,309.2
2023-08-23T09:30,25,287.7,316.5,311.0,316.5,289.7,311.2,307.0,311.2
2023-08-24T10:00,25,287.6,316.4,310.9,316.4,289.6,311.1,306.9,311.1
2023-08-29T12:00,25,288.5,317.3,311.8,317.3,290.5,312.0,307.8,312.0
2023-09-11T21:00,25,291.4,320.2,314.7,320.2,292.8,314.3,310.1,314.3
2023-09-12T15:45,25,293.3,322.1,316.6,322.1,294.7,316.2,312.0,316.2
2023-09-18T13:30,25,295.2,324.0,318.5,324.0,297.6,319.1,314.9,319.1
2023-09-25T11:00,25,297.1,325.9,320.4,325.9,299.5,321.0,316.8,321.0
2023-09-25T13:00,25,297.0,325.8,320.3,325.8,299.5,321.0,316.8,321.0
2023-09-26T12:45,25,296.8,325.6,320.1,325.6,299.5,321.0,316.8,321.0
2023-09-26T13:00,25,296.8,325.6,320.1,325.6,299.4,320.9,316.7,320.9
2023-10-06T13:00,25,294.7,323.5,318.0,323.5,298.3,319.8,315.6,319.8
2023-10-16T11:15,25,294.7,323.5,318.0,323.5,300.2,321.7,317.5,321.7
2023-10-17T14:15,25,294.7,323.5,318.0,323.5,303.2,324.7,320.5,324.7
2023-10-21T00:30,25,294.7,323.5,316.9,323.5,303.2,324.7,319.8,324.7
2023-11-06T12:00,25,294.7,323.5,315.8,323.5,303.2,324.7,318.9,324.7
2023-11-07T15:45,25,294.6,323.5,315.7,323.5,303.1,324.7,318.9,324.7
2023-11-12T20:30,25,292.6,321.5,313.7,321.5,303.1,324.7,318.9,324.7
2023-11-13T10:15,25,292.5,321.4,313.6,321.4,303.0,324.6,318.8,324.6
2023-11-16T15:15,25,291.5,320.4,312.6,320.4,303.0,324.6,318.8,324.6
2023-11-20T10:00,25,291.5,320.4,312.6,320.4,302.8,324.4,318.6,324.4
2023-11-20T10:45,25,291.4,320.3,312.5,320.3,302.8,324.4,318.6,324.4
2023-11-23T11:15,25,290.8,319.7,311.9,319.7,302.8,324.4,318.6,324.4
2023-11-28T10:45,25,289.8,318.7,310.9,318.7,301.8,323.4,317.6,323.4
2023-12-04T14:00,25,289.8,318.7,310.9,318.7,299.8,321.4,315.6,321.4
2023-12-07T11:00,25,289.8,318.7,310.9,318.7,298.8,320.4,314.6,320.4
2023-12-13T12:15,25,289.8,318.7,310.9,318.7,297.8,319.4,313.6,319.4
2023-12-14T13:15,25,288.8,317.7,309.9,317.7,297.8,319.4,313.6,319.4
2024-01-01T20:00,25,292.9,321.8,314.0,321.8,301.4,323.0,317.2,323.0
2024-01-03T09:15,25,292.9,321.8,314.0,321.8,301.2,322.8,317.0,322.8
2024-01-30T15:30,25,292.9,321.8,314.0,321.8,303.2,324.8,319.0,324.8
2024-02-13T09:00,25,292.9,321.8,314.0,321.8,305.2,326.8,321.0,326.8
2024-03-13T11:00,25,290.9,319.8,312.0,319.8,305.2,326.8,321.0,326.8
2024-03-13T11:15,25,290.8,319.7,311.9,319.7,305.2,326.8,321.0,326.8
2024-04-04T16:15,25,291.8,320.7,312.9,320.7,307.2,328.8,323.0,328.8
2024-04-05T10:15,25,292.8,321.7,313.9,321.7,306.2,327.8,322.0,327.8
2024-04-09T12:15,25,292.8,321.7,313.9,321.7,306.2,327.8,321.9,327.8
2024-04-29T23:30,25,293.8,322.7,314.9,322.7,305.2,326.8,320.9,326.8
2024-05-06T16:00,25,293.8,322.7,314.9,322.7,304.2,325.8,319.9,325.8
2024-05-08T08:45,25,292.8,321.7,313.9,321.7,304.2,325.8,319.9,325.8
2024-05-08T18:45,25,292.8,321.7,313.9,321.7,303.2,324.8,318.9,324.8
2024-05-14T13:30,25,292.8,321.7,313.9,321.7,302.2,323.8,317.9,323.8
2024-05-15T09:45,25,292.8,321.7,313.2,321.7,302.2,323.8,317.4,323.8
2024-05-28T15:30,25,292.8,321.7,313.2,321.7,300.2,321.8,315.4,321.8
2024-06-05T15:30,25,291.8,320.7,312.2,320.7,298.2,319.8,313.4,319.8
2024-08-08T18:45,25,290.8,319.7,311.2,319.7,297.2,318.8,312.4,318.8
2024-08-09T09:30,25,289.8,318.7,310.2,318.7,296.2,317.8,311.4,317.8
2024-08-20T13:15,25,288.8,317.7,309.2,317.7,295.2,316.8,310.4,316.8
2024-09-04T12:00,25,286.8,315.7,307.2,315.7,294.2,315.8,309.4,315.8
2024-09-05T15:30,25,284.7,313.6,305.1,313.6,292.1,313.7,307.3,313.7
2024-10-21T11:00,25,283.7,312.6,304.1,312.6,292.1,313.7,307.3,313.7
2024-10-21T11:15,25,283.6,312.5,304.0,312.5,292.1,313.7,307.3,313.7
2024-10-29T20:00,25,281.5,310.4,301.9,310.4,291.1,312.7,306.3,312.7
2024-11-01T09:45,25,281.5,310.4,300.8,310.4,291.1,312.7,305.4,312.7
2024-12-06T14:15,25,281.4,310.3,300.7,310.3,291.0,312.6,305.3,312.6
2025-01-02T18:30,25,291.6,320.5,310.9,320.5,304.1,325.7,318.4,325.7
2025-01-19T18:30,25,293.5,322.4,312.8,322.4,307.9,329.5,322.2,329.5
2025-03-06T13:15,25,292.5,321.4,311.8,321.4,306.9,328.5,321.2,328.5
2025-03-07T09:30,25,290.4,319.3,309.7,319.3,306.9,328.5,321.2,328.5
2025-03-07T09:45,25,290.4,319.3,309.7,319.3,306.8,328.4,321.1,328.4
2025-03-26T14:30,25,289.3,318.2,308.6,318.2,305.7,327.3,320.0,327.3
2025-04-08T11:30,25,288.8,317.7,308.1,317.7,303.8,325.4,318.1,325.4
