timestamp,stations_count,lowest_bensin,highest_bensin,average_bensin,common_bensin,lowest_diesel,highest_diesel,average_diesel,common_diesel
2016-04-19T00:27,34,195.4,195.4,195.4,195.4,177.9,177.9,177.9,177.9
2016-04-25T14:00,34,198.4,198.4,198.4,198.4,180.9,180.9,180.9,180.9
2016-05-17T09:00,34,201.4,201.4,201.4,201.4,183.9,183.9,183.9,183.9
2016-05-18T09:30,34,198.4,198.4,198.4,198.4,183.9,183.9,183.9,183.9
2016-05-18T11:15,34,201.4,201.4,201.4,201.4,183.9,183.9,183.9,183.9
2016-05-27T09:45,34,204.4,204.4,204.4,204.4,186.9,186.9,186.9,186.9
2016-07-01T09:15,34,202.4,202.4,202.4,202.4,186.9,186.9,186.9,186.9
2016-07-12T09:15,34,199.4,199.4,199.4,199.4,185.9,185.9,185.9,185.9
2016-07-14T11:00,34,197.4,197.4,197.4,197.4,184.9,184.9,184.9,184.9
2016-07-26T14:15,34,194.4,194.4,194.4,194.4,182.8,182.8,182.8,182.8
2016-08-02T09:45,34,191.4,191.4,191.4,191.4,180.8,180.8,180.8,180.8
2016-08-02T13:30,34,191.4,191.4,191.4,191.4,179.8,179.8,179.8,179.8
2016-10-04T14:45,34,192.9,192.9,192.9,192.9,181.8,181.8,181.8,181.8
2016-10-12T16:30,34,192.9,192.9,192.9,192.9,183.8,183.8,183.8,183.8
2016-10-14T10:45,34,193.9,193.9,193.9,193.9,183.8,183.8,183.8,183.8
2016-10-17T09:15,34,193.9,193.9,193.9,193.9,185.8,185.8,185.8,185.8
2016-10-20T10:00,34,194.9,194.9,194.9,194.9,187.8,187.8,187.8,187.8
2016-10-21T14:30,34,193.9,193.9,193.9,193.9,185.8,185.8,185.8,185.8
2016-10-31T11:45,34,195.9,195.9,195.9,195.9,187.8,187.8,187.8,187.8
2016-11-02T09:30,34,194.9,194.9,194.9,194.9,186.8,186.8,186.8,186.8
2016-11-03T13:30,34,193.9,193.9,193.9,193.9,186.4,186.4,186.4,186.4
2016-11-14T10:15,34,192.9,192.9,192.9,192.9,185.4,185.4,185.4,185.4
2016-11-14T16:30,34,192.7,192.7,192.7,192.7,185.4,185.4,185.4,185.4
2016-11-17T09:45,34,191.6,191.6,191.6,191.6,184.6,184.6,184.6,184.6
2016-11-22T09:15,34,191.3,191.3,191.3,191.3,184.3,184.3,184.3,184.3
2016-12-03T00:30,34,194.3,194.3,194.3,194.3,187.3,187.3,187.3,187.3
2016-12-16T16:15,34,195.3,195.3,195.3,195.3,190.3,190.3,190.3,190.3
2016-12-19T14:15,34,195.3,195.3,195.3,195.3,189.2,189.2,189.2,189.2
2016-12-21T11:15,34,197.3,197.3,197.3,197.3,191.2,191.2,191.2,191.2
2016-12-31T00:45,34,200.3,200.3,200.3,200.3,193.2,193.2,193.2,193.2
2017-01-02T12:00,34,202.3,202.3,202.3,202.3,196.2,196.2,196.2,196.2
2017-01-03T16:15,34,201.9,201.9,201.9,201.9,194.2,194.2,194.2,194.2
2017-01-04T15:45,34,201.4,201.4,201.4,201.4,194.2,194.2,194.2,194.2
2017-01-24T10:45,34,202.9,202.9,202.9,202.9,195.3,195.3,195.3,195.3
2017-01-30T11:45,34,202.9,202.9,202.9,202.9,194.2,194.2,194.2,194.2
2017-02-13T11:00,34,203.9,203.9,203.9,203.9,194.2,194.2,194.2,194.2
2017-02-14T09:15,34,203.9,203.9,203.9,203.9,195.2,195.2,195.2,195.2
2017-02-28T09:45,34,201.8,201.8,201.8,201.8,193.1,193.1,193.1,193.1
2017-02-28T12:45,34,201.4,201.4,201.4,201.4,193.1,193.1,193.1,193.1
2017-03-08T09:45,34,199.4,199.4,199.4,199.4,191.2,191.2,191.2,191.2
2017-03-21T16:45,34,197.4,197.4,197.4,197.4,189.2,189.2,189.2,189.2
2017-03-28T14:00,34,199.4,199.4,199.4,199.4,191.2,191.2,191.2,191.2
2017-04-03T13:30,34,201.4,201.4,201.4,201.4,191.2,191.2,191.2,191.2
2017-04-03T13:45,34,203.9,203.9,203.9,203.9,195.2,195.2,195.2,195.2
2017-04-03T14:00,34,201.4,201.4,201.4,201.4,191.2,191.2,191.2,191.2
2017-04-07T10:45,34,203.4,203.4,203.4,203.4,192.7,192.7,192.7,192.7
2017-04-07T16:15,34,201.9,201.9,201.9,201.9,192.2,192.2,192.2,192.2
2017-04-27T12:30,34,201.9,201.9,201.9,201.9,189.2,189.2,189.2,189.2
2017-05-02T16:00,34,199.9,199.9,199.9,199.9,187.2,187.2,187.2,187.2
2017-05-05T14:00,34,197.9,197.9,197.9,197.9,185.2,185.2,185.2,185.2
2017-05-22T16:30,34,195.9,195.9,195.9,195.9,183.2,183.2,183.2,183.2
2017-05-22T16:45,34,197.5,197.5,197.5,197.5,184.9,184.9,184.9,184.9
2017-05-26T15:30,34,195.9,195.9,195.9,195.9,183.2,183.2,183.2,183.2
2017-06-02T16:15,34,195.4,195.4,195.4,195.4,182.9,182.9,182.9,182.9
2017-06-07T10:15,34,193.4,193.4,193.4,193.4,179.9,179.9,179.9,179.9
2017-06-15T09:45,34,190.4,190.4,190.4,190.4,176.9,176.9,176.9,176.9
2017-07-05T16:15,34,192.4,192.4,192.4,192.4,178.9,178.9,178.9,178.9
2017-07-12T09:30,34,194.4,194.4,194.4,194.4,182.9,182.9,182.9,182.9
2017-07-13T13:30,34,194.4,194.4,194.4,194.4,180.9,180.9,180.9,180.9
2017-07-14T09:00,34,194.4,194.4,194.4,194.4,182.9,182.9,182.9,182.9
2017-07-28T13:15,34,196.4,196.4,196.4,196.4,185.9,185.9,185.9,185.9
2017-08-15T10:15,34,198.4,198.4,198.4,198.4,187.9,187.9,187.9,187.9
2017-09-05T15:15,34,199.9,199.9,199.9,199.9,189.9,189.9,189.9,189.9
2017-10-11T14:15,34,202.9,202.9,202.9,202.9,192.9,192.9,192.9,192.9
2017-10-12T10:45,34,199.9,199.9,199.9,199.9,189.9,189.9,189.9,189.9
2017-10-25T09:45,34,200.9,200.9,200.9,200.9,191.9,191.9,191.9,191.9
2017-11-08T22:00,34,203.9,203.9,203.9,203.9,195.9,195.9,195.9,195.9
2018-01-01T02:00,34,210.1,210.1,210.1,210.1,203.3,203.3,203.3,203.3
2018-01-02T12:15,34,208.9,208.9,208.9,208.9,201.3,201.3,201.3,201.3
2018-01-15T08:30,34,209.9,209.9,209.9,209.9,202.3,202.3,202.3,202.3
2018-01-18T14:00,34,207.9,207.9,207.9,207.9,199.3,199.3,199.3,199.3
2018-01-25T09:15,34,211.9,211.9,211.9,211.9,203.3,203.3,203.3,203.3
2018-01-29T13:45,34,209.9,209.9,209.9,209.9,202.3,202.3,202.3,202.3
2018-01-29T16:00,34,210.9,210.9,210.9,210.9,203.3,203.3,203.3,203.3
2018-04-10T13:00,34,212.9,212.9,212.9,212.9,205.3,205.3,205.3,205.3
2018-04-18T17:30,34,214.9,214.9,214.9,214.9,207.3,207.3,207.3,207.3
2018-04-24T14:15,34,216.9,216.9,216.9,216.9,209.3,209.3,209.3,209.3
2018-05-08T09:15,34,219.9,219.9,219.9,219.9,211.3,211.3,211.3,211.3
2018-05-17T09:00,34,222.9,222.9,222.9,222.9,214.3,214.3,214.3,214.3
2018-05-19T12:15,34,224.9,224.9,224.9,224.9,216.3,216.3,216.3,216.3
2018-05-24T12:00,34,227.8,227.8,227.8,227.8,219.2,219.2,219.2,219.2
2018-05-25T13:30,34,226.9,226.9,226.9,226.9,218.3,218.3,218.3,218.3
2018-08-23T10:00,34,228.9,228.9,228.9,228.9,219.3,219.3,219.3,219.3
2018-08-27T13:45,34,229.9,229.9,229.9,229.9,219.3,219.3,219.3,219.3
2018-08-30T11:15,34,227.8,227.8,227.8,227.8,218.2,218.2,218.2,218.2
2018-09-06T09:30,34,228.8,228.8,228.8,228.8,221.2,221.2,221.2,221.2
2018-09-13T09:45,34,229.8,229.8,229.8,229.8,224.2,224.2,224.2,224.2
2018-10-01T09:30,34,229.8,229.8,229.8,229.8,227.2,227.2,227.2,227.2
2018-10-03T17:00,34,230.8,230.8,230.8,230.8,230.2,230.2,230.2,230.2
2018-10-05T15:30,34,229.8,229.8,229.8,229.8,227.2,227.2,227.2,227.2
2018-10-10T14:30,34,231.8,231.8,231.8,231.8,231.2,231.2,231.2,231.2
2018-11-10T11:00,34,228.7,228.7,228.7,228.7,229.2,229.2,229.2,229.2
2018-11-22T09:30,34,225.7,225.7,225.7,225.7,226.2,226.2,226.2,226.2
2018-11-26T09:15,34,223.7,223.7,223.7,223.7,226.2,226.2,226.2,226.2
2018-11-27T16:45,34,222.7,222.7,222.7,222.7,224.2,224.2,224.2,224.2
2018-11-30T10:45,34,221.5,221.5,221.5,221.5,223.3,223.3,223.3,223.3
2018-12-06T16:00,34,221.5,221.5,221.5,221.5,223.2,223.2,223.2,223.2
2019-01-04T15:15,34,222.5,222.5,222.5,222.5,224.7,224.7,224.7,224.7
2019-01-05T12:45,34,220.5,220.5,220.5,220.5,220.8,220.8,220.8,220.8
2019-01-11T11:30,34,220.5,220.5,220.5,220.5,222.8,222.8,222.8,222.8
2019-01-18T10:45,34,220.5,220.5,220.5,220.5,220.8,220.8,220.8,220.8
2019-02-04T12:00,34,221.9,221.9,221.9,221.9,221.8,221.8,221.8,221.8
2019-02-06T10:00,34,220.5,220.5,220.5,220.5,220.8,220.8,220.8,220.8
2019-02-18T10:15,34,222.5,222.5,222.5,222.5,222.8,222.8,222.8,222.8
2019-02-20T16:00,34,224.2,224.2,224.2,224.2,224.3,224.3,224.3,224.3
2019-03-01T14:15,34,225.7,225.7,225.7,225.7,225.8,225.8,225.8,225.8
2019-03-27T19:45,33,227.2,227.2,227.2,227.2,225.8,225.8,225.8,225.8
2019-03-28T17:15,33,229.5,229.5,229.5,229.5,227.6,227.6,227.6,227.6
2019-04-02T18:45,31,229.5,229.5,229.5,229.5,227.6,227.6,227.6,227.6
2019-04-12T19:00,31,233.2,233.2,233.2,233.2,227.6,227.6,227.6,227.6
2019-04-16T12:30,31,235.2,235.2,235.2,235.2,227.6,227.6,227.6,227.6
2019-04-26T15:30,31,237.3,237.3,237.3,237.3,228.9,228.9,228.9,228.9
2019-05-03T10:00,31,239.7,239.7,239.7,239.7,230.4,230.4,230.4,230.4
2019-05-21T10:15,31,241.7,241.7,241.7,241.7,231.4,231.4,231.4,231.4
2019-06-03T16:15,31,238.7,238.7,238.7,238.7,227.9,227.9,227.9,227.9
2019-06-06T21:30,32,211.2,238.7,236.0,238.7,201.8,227.9,225.4,227.9
2019-06-08T19:30,32,211.4,238.7,236.0,238.7,202.0,227.9,225.5,227.9
2019-06-12T15:00,32,211.4,236.7,234.2,236.7,202.0,225.7,223.5,225.7
2019-06-13T12:30,32,209.4,236.7,234.0,236.7,200.0,225.9,223.5,225.9
2019-06-16T13:21,34,209.4,236.7,234.1,236.7,200.0,225.9,223.6,225.9
2019-06-19T11:30,34,209.4,236.7,234.1,236.7,200.0,225.7,223.4,225.7
2019-06-25T14:30,34,209.4,236.7,234.1,236.7,200.0,225.7,223.3,225.7
2019-06-25T15:00,34,209.4,236.7,234.1,236.7,199.9,225.7,223.3,225.7
2019-06-25T16:15,34,209.4,236.7,234.0,236.7,199.9,225.7,223.1,225.7
2019-07-02T15:15,34,210.4,237.7,235.0,237.7,200.9,226.7,224.1,226.7
2019-07-03T11:45,34,209.4,236.7,234.0,236.7,199.9,225.7,223.1,225.7
2019-07-03T15:45,34,210.4,237.7,235.0,237.7,200.9,226.7,224.1,226.7
2019-07-10T12:45,34,211.7,239.0,236.3,239.0,201.9,227.7,225.1,227.7
2019-07-11T13:45,34,208.4,239.0,236.0,239.0,198.9,227.7,224.9,227.7
2019-07-14T00:45,34,208.4,240.2,237.1,240.2,198.9,228.7,225.8,228.7
2019-07-16T10:30,34,206.4,240.2,236.8,240.2,196.9,228.7,225.6,228.7
2019-07-25T12:15,34,204.9,240.2,236.7,240.2,195.9,228.7,225.5,228.7
2019-07-25T16:15,34,204.9,237.2,234.0,237.2,195.9,226.7,223.7,226.7
2019-07-29T12:45,34,202.9,237.2,233.8,237.2,195.9,226.7,223.7,226.7
2019-07-31T15:30,34,202.9,235.2,232.0,235.2,195.9,226.7,223.7,226.7
2019-08-07T13:30,34,202.9,234.2,231.1,234.2,195.9,224.7,221.8,224.7
2019-08-26T09:45,34,200.9,232.2,229.1,232.2,192.9,221.7,218.8,221.7
2019-09-11T15:15,34,203.5,234.8,231.7,234.8,197.5,226.3,223.4,226.3
2019-09-12T18:45,34,198.8,234.8,231.2,234.8,190.8,223.8,220.6,223.8
2019-09-16T14:15,34,198.2,234.8,231.2,234.8,190.2,223.8,220.5,223.8
2019-09-17T15:15,34,200.7,237.3,233.7,237.3,193.7,227.3,224.0,227.3
2019-09-17T17:00,34,198.1,237.3,233.5,237.3,190.1,227.3,223.7,227.3
2019-09-18T17:15,34,198.1,234.7,231.1,234.7,190.1,223.7,220.4,223.7
2019-09-19T16:30,34,198.1,236.7,232.9,236.7,190.1,227.7,224.1,227.7
2019-09-20T12:30,34,198.9,236.7,233.0,236.7,190.9,227.7,224.1,227.7
2019-09-25T15:00,34,199.9,236.7,233.1,236.7,191.9,227.7,224.2,227.7
2019-09-26T09:45,34,200.9,236.7,233.2,236.7,192.9,227.7,224.3,227.7
2019-10-02T18:30,35,200.9,236.7,233.3,236.7,192.9,227.7,224.4,227.7
2019-10-07T17:30,35,200.9,236.7,233.3,236.7,194.9,227.7,224.6,227.7
2019-10-17T14:00,35,202.9,236.7,233.4,236.7,196.9,227.7,224.8,227.7
2019-10-22T15:15,35,202.9,236.7,233.3,236.7,196.9,227.7,224.6,227.7
2019-11-12T12:00,35,201.9,235.7,232.3,235.7,196.4,227.2,224.1,227.2
2019-11-12T12:15,35,202.9,235.7,232.4,235.7,196.9,227.2,224.2,227.2
2019-11-14T08:45,35,204.9,235.7,232.6,235.7,198.9,227.2,224.3,227.2
2019-11-28T16:45,35,204.9,235.7,232.6,235.7,200.9,229.2,226.3,229.2
2019-11-29T14:45,35,204.9,235.7,232.5,235.7,200.9,229.2,226.3,229.2
2019-12-03T17:15,35,203.8,234.6,231.4,234.6,199.3,227.6,224.7,227.6
2019-12-03T19:00,35,204.9,234.6,231.7,234.6,200.9,227.6,224.9,227.6
2019-12-04T14:45,35,204.9,234.6,231.6,234.6,200.9,227.6,224.9,227.6
2019-12-09T17:45,35,201.8,234.6,231.3,234.6,198.8,227.6,224.6,227.6
2019-12-11T16:30,35,201.8,234.6,231.3,234.6,200.3,229.1,226.1,229.1
2019-12-17T08:45,35,203.1,235.9,232.6,235.9,202.3,231.1,228.1,231.1
2019-12-19T10:00,35,203.1,235.9,232.5,235.9,202.3,231.1,228.0,231.1
2019-12-24T09:45,35,201.9,235.9,232.4,235.9,200.3,231.1,227.8,231.1
2019-12-27T19:30,35,201.9,235.9,232.2,235.9,200.3,231.1,227.6,231.1
2019-12-30T15:30,35,203.4,237.4,233.7,237.4,201.8,232.6,229.1,232.6
2020-01-01T00:30,35,206.8,240.8,237.1,240.8,205.0,235.8,232.3,235.8
2020-01-14T12:30,35,203.4,238.9,235.1,238.9,201.8,234.6,231.0,234.6
2020-01-20T09:00,35,203.4,238.9,235.1,238.9,201.8,234.0,230.4,234.0
2020-01-21T18:45,35,203.4,237.4,233.7,237.4,201.8,232.6,229.1,232.6
2020-01-27T13:00,35,203.4,236.2,232.6,236.2,201.8,230.9,227.6,230.9
2020-01-28T13:30,35,202.2,235.2,231.6,235.2,200.2,229.8,226.4,229.8
2020-02-04T13:45,35,200.9,233.9,230.3,233.9,196.6,226.2,222.8,226.2
2020-02-04T14:00,35,202.2,233.9,230.4,233.9,199.9,226.2,223.1,226.2
2020-02-07T15:30,35,202.2,233.9,230.4,233.9,199.9,226.2,223.0,226.2
2020-02-21T18:45,35,204.2,235.9,232.4,235.9,200.9,227.2,224.0,227.2
2020-02-26T11:00,35,204.2,234.8,231.3,234.8,200.9,225.7,222.6,225.7
2020-03-08T18:15,36,202.2,232.8,229.4,232.8,199.4,224.2,221.2,224.2
2020-03-09T11:30,36,201.2,230.8,227.5,230.8,197.6,221.2,218.3,221.2
2020-03-13T11:45,36,198.2,227.8,224.5,227.8,195.6,219.2,216.3,219.2
2020-03-16T09:30,36,197.7,227.3,224.0,227.3,195.6,219.2,216.3,219.2
2020-03-17T09:00,36,197.7,225.6,222.4,225.6,195.6,219.2,216.3,219.2
2020-03-18T11:00,36,196.9,223.9,220.8,223.9,194.9,217.9,215.0,217.9
2020-03-23T19:15,36,193.9,221.7,218.5,221.7,193.4,216.5,213.6,216.5
2020-03-31T12:15,36,188.9,216.9,213.7,216.9,188.4,211.9,209.0,211.9
2020-04-14T16:30,36,186.9,214.9,211.7,214.9,186.4,211.9,208.8,211.9
2020-04-21T11:45,36,184.9,211.9,208.8,211.9,184.4,209.9,206.8,209.9
2020-04-24T11:00,36,184.9,210.5,207.5,210.5,183.9,207.6,204.7,207.6
2020-04-28T16:00,36,183.5,209.5,206.5,209.5,181.4,205.6,202.6,205.6
2020-04-29T14:15,36,183.5,209.5,206.3,209.5,181.4,205.6,202.6,205.6
2020-06-09T15:15,36,185.3,211.3,208.1,211.3,182.6,206.8,203.8,206.8
2020-06-11T12:15,36,183.5,211.3,208.0,211.3,181.3,206.8,203.7,206.8
2020-06-11T14:15,36,183.5,211.3,208.1,211.3,181.3,206.8,203.7,206.8
2020-06-18T13:45,36,183.5,214.9,211.4,214.9,179.9,206.8,203.6,206.8
2020-06-22T10:45,36,185.5,216.9,213.4,216.9,180.9,207.8,204.6,207.8
2020-06-24T16:00,36,185.5,218.9,215.3,218.9,180.9,208.8,205.5,208.8
2020-07-03T17:45,37,183.5,218.9,215.2,218.9,180.9,208.8,205.6,208.8
2020-07-06T14:15,37,185.5,220.7,217.0,220.7,181.9,209.8,206.6,209.8
2020-07-08T09:00,37,185.5,220.7,216.8,220.7,181.5,209.8,206.5,209.8
2020-07-13T09:45,37,187.5,222.7,218.8,222.7,182.5,210.8,207.5,210.8
2020-07-16T11:45,37,183.5,220.7,216.6,220.7,181.5,210.8,207.4,210.8
2020-07-16T13:45,37,185.5,222.7,218.6,222.7,181.5,210.8,207.4,210.8
2020-09-21T13:45,37,185.5,222.7,217.6,222.7,181.5,210.8,206.7,210.8
2020-09-24T14:45,37,185.5,222.7,217.6,222.7,181.5,210.8,206.6,210.8
2020-11-02T15:00,37,185.5,221.7,216.7,221.7,181.5,208.8,204.8,208.8
2020-11-25T11:00,37,186.5,222.7,217.7,222.7,183.5,210.8,206.8,210.8
2020-12-11T18:00,37,187.5,223.7,218.7,223.7,185.5,212.8,208.8,212.8
2020-12-23T14:48,37,189.5,225.7,220.7,225.7,188.5,215.8,211.8,215.8
2021-01-01T13:30,37,192.1,228.3,223.3,228.3,190.9,218.2,214.2,218.2
2021-01-04T16:30,37,189.5,227.7,222.4,227.7,188.5,217.3,213.3,217.3
2021-01-11T16:15,37,189.5,228.7,223.3,228.7,188.5,217.3,213.3,217.3
2021-01-13T15:00,37,193.4,230.6,225.4,230.6,191.9,218.7,214.9,218.7
2021-01-20T13:45,37,193.4,232.6,227.2,232.6,191.9,219.7,215.8,219.7
2021-02-04T13:00,37,193.4,234.6,228.9,234.6,191.9,220.7,216.7,220.7
2021-02-09T15:15,37,195.4,236.6,230.9,236.6,193.9,222.7,218.6,222.7
2021-02-17T12:00,37,197.4,238.2,232.5,238.2,195.9,224.7,220.6,224.7
2021-02-18T14:00,37,199.4,238.2,232.7,238.2,197.9,224.7,220.8,224.7
2021-02-20T13:45,37,199.2,238.2,232.7,238.2,197.6,224.7,220.8,224.7
2021-02-25T08:15,37,201.4,239.7,234.3,239.7,197.9,226.2,222.1,226.2
2021-02-26T12:15,37,203.4,241.7,236.3,241.7,199.4,227.8,223.7,227.8
2021-03-08T16:00,37,205.4,242.7,237.4,242.7,200.5,228.7,224.6,228.7
2021-03-12T10:15,37,205.4,245.7,240.1,245.7,200.5,230.7,226.4,230.7
2021-03-15T12:15,37,207.5,245.7,240.3,245.7,201.5,230.7,226.5,230.7
2021-03-19T12:45,37,205.4,245.7,240.1,245.7,200.4,230.7,226.4,230.7
2021-03-22T12:00,37,205.4,244.7,239.2,244.7,199.8,229.6,225.3,229.6
2021-03-24T10:45,37,205.4,242.6,237.3,242.6,199.8,226.6,222.6,226.6
2021-04-08T00:45,39,205.4,242.6,237.6,242.6,199.8,226.6,222.8,226.6
2021-04-20T10:00,39,205.4,243.6,238.5,243.6,199.8,228.6,224.6,228.6
2021-04-24T21:15,39,205.4,243.6,238.3,243.6,199.8,228.6,224.5,228.6
2021-04-26T12:00,39,205.4,242.6,237.4,242.6,199.8,226.6,222.7,226.6
2021-06-04T17:30,39,205.4,242.6,236.2,242.6,199.8,229.6,224.6,229.6
2021-06-07T13:15,39,205.4,242.6,236.2,242.6,199.8,226.6,222.0,226.6
2021-06-14T15:15,39,205.4,242.6,236.2,242.6,199.8,227.6,222.9,227.6
2021-06-15T11:15,39,207.4,244.6,238.2,244.6,200.8,229.1,224.3,229.1
2021-06-21T12:00,39,209.4,246.6,240.2,246.6,202.8,230.6,225.9,230.6
2021-06-23T13:30,39,211.4,248.6,242.2,248.6,204.8,232.6,227.9,232.6
2021-06-28T15:15,39,213.4,251.6,245.1,251.6,205.8,234.6,229.8,234.6
2021-06-29T15:45,39,213.4,251.6,245.0,251.6,205.8,234.6,229.5,234.6
2021-07-17T17:45,40,213.4,251.6,245.2,251.6,205.8,234.6,229.7,234.6
2021-07-27T12:30,40,215.4,253.6,247.2,253.6,206.8,235.6,230.7,235.6
2021-08-06T12:15,40,216.4,255.6,249.1,255.6,206.8,235.6,230.6,235.6
2021-08-23T08:30,40,216.4,254.9,248.4,254.9,206.8,234.9,230.0,234.9
2021-09-02T16:00,40,217.9,256.4,249.9,256.4,207.8,235.9,231.0,235.9
2021-09-09T00:00,40,219.4,257.9,251.4,257.9,208.8,236.9,232.0,236.9
2021-09-13T16:00,40,220.4,258.9,252.4,258.9,209.8,237.9,233.0,237.9
2021-09-16T16:45,40,220.4,258.9,252.4,258.9,211.8,239.9,235.0,239.9
2021-09-21T15:15,40,220.4,258.9,252.3,258.9,212.6,239.9,235.1,239.9
2021-09-27T10:45,40,220.4,260.4,253.7,260.4,212.6,242.4,237.3,242.4
2021-09-28T09:15,40,221.9,260.4,253.8,260.4,214.1,242.4,237.5,242.4
2021-09-29T18:15,40,221.9,260.4,253.8,260.4,215.1,243.4,238.5,243.4
2021-09-30T23:00,40,224.9,263.4,256.8,263.4,216.6,244.9,240.0,244.9
2021-10-05T10:00,40,226.9,265.4,258.8,265.4,219.6,247.9,243.0,247.9
2021-10-06T14:45,40,227.9,266.4,259.8,266.4,221.6,249.9,245.0,249.9
2021-10-11T12:00,40,229.9,268.4,261.8,268.4,222.6,250.9,246.0,250.9
2021-10-12T16:30,40,229.9,268.4,261.8,268.4,222.6,250.9,245.8,250.9
2021-10-15T22:30,40,230.9,269.4,262.8,269.4,223.6,251.9,246.8,251.9
2021-10-19T10:30,40,232.9,271.4,264.8,271.4,225.6,253.9,248.8,253.9
2021-10-26T17:15,40,234.9,273.4,266.8,273.4,226.6,254.9,249.8,254.9
2021-10-28T14:00,40,235.8,273.4,267.0,273.4,226.6,254.9,249.9,254.9
2021-11-22T09:45,40,234.9,271.4,265.1,271.4,226.6,254.9,249.9,254.9
2021-11-30T13:30,40,233.9,269.9,263.7,269.9,225.9,252.9,248.3,252.9
2021-12-16T11:30,40,233.9,268.9,262.9,268.9,225.9,252.4,247.8,252.4
2021-12-21T12:45,40,233.9,266.9,261.1,266.9,225.9,250.4,246.1,250.4
2021-12-22T09:30,40,233.9,264.9,259.6,264.9,225.9,250.4,246.1,250.4
2021-12-30T12:00,40,234.9,265.9,260.6,265.9,225.9,250.4,246.1,250.4
2022-01-01T13:00,40,237.6,268.6,263.3,268.6,228.3,252.8,248.5,252.8
2022-01-04T10:30,40,236.9,268.6,263.2,268.6,227.8,252.8,248.4,252.8
2022-01-16T18:45,40,238.9,270.6,265.2,270.6,229.8,254.8,250.4,254.8
2022-01-18T09:15,40,238.9,270.6,265.2,270.6,231.8,256.8,252.4,256.8
2022-01-20T10:15,40,239.9,271.6,266.2,271.6,233.8,258.8,254.4,258.8
2022-01-27T11:15,40,242.9,274.6,269.2,274.6,236.8,261.8,257.4,261.8
2022-01-31T12:45,40,244.9,276.6,271.2,276.6,238.8,261.8,257.7,261.8
2022-02-01T14:15,40,244.9,275.9,270.7,275.9,238.8,262.8,258.5,262.8
2022-02-07T16:30,40,246.9,277.9,272.7,277.9,240.8,264.8,260.5,264.8
2022-02-09T09:15,40,246.9,277.9,272.7,277.9,240.8,263.8,259.9,263.8
2022-02-14T11:30,40,247.9,278.9,273.7,278.9,240.8,263.8,259.9,263.8
2022-02-23T11:30,40,249.9,280.9,275.7,280.9,241.8,264.8,260.9,264.8
2022-02-25T13:45,40,251.9,282.9,277.7,282.9,243.8,266.8,262.9,266.8
2022-03-01T17:45,40,253.9,284.9,279.7,284.9,245.8,268.8,264.9,268.8
2022-03-03T15:45,40,253.9,284.9,279.7,284.9,249.8,272.8,268.9,272.8
2022-03-03T16:00,40,253.9,284.9,279.7,284.9,245.8,272.8,268.4,272.8
2022-03-04T12:30,40,255.9,286.9,281.7,286.9,251.8,274.8,270.9,274.8
2022-03-07T12:45,40,258.9,289.9,284.7,289.9,257.8,280.8,276.9,280.8
2022-03-08T13:15,40,263.9,294.9,289.7,294.9,264.8,287.8,283.9,287.8
2022-03-09T10:45,40,269.9,300.9,295.7,300.9,274.8,297.8,293.9,297.8
2022-03-11T12:00,40,267.9,298.9,293.7,298.9,273.8,296.8,292.9,296.8
2022-03-16T12:00,40,265.9,296.9,291.7,296.9,271.8,294.8,290.9,294.8
2022-03-23T13:15,40,265.9,296.9,291.7,296.9,273.8,296.8,292.9,296.8
2022-03-24T15:30,40,267.9,298.9,293.7,298.9,274.8,297.8,293.9,297.8
2022-04-06T08:30,40,268.9,299.9,294.7,299.9,276.8,299.8,295.9,299.8
2022-04-27T15:00,40,270.9,301.9,296.7,301.9,278.8,301.8,297.9,301.8
2022-04-28T19:00,40,272.9,303.9,298.7,303.9,280.8,303.8,299.9,303.8
2022-04-29T18:45,40,274.9,305.9,300.7,305.9,282.8,305.8,301.9,305.8
2022-05-03T16:30,40,274.9,305.9,300.7,305.9,284.8,307.8,303.9,307.8
2022-05-09T13:00,40,276.9,307.9,302.7,307.9,286.8,309.8,305.9,309.8
2022-05-09T13:15,40,276.9,307.9,302.7,307.9,284.8,307.8,303.9,307.8
2022-05-09T14:00,40,276.9,307.9,302.7,307.9,287.8,310.8,306.9,310.8
2022-05-10T09:00,40,276.9,307.9,302.7,307.9,286.8,309.8,305.9,309.8
2022-05-16T13:30,40,279.7,310.7,305.5,310.7,286.4,309.6,305.6,309.6
2022-05-19T18:00,40,281.5,312.7,307.4,312.7,286.4,309.6,305.6,309.6
2022-05-25T13:45,40,283.5,314.7,309.4,314.7,286.4,309.6,305.6,309.6
2022-05-27T12:00,40,284.5,315.7,310.4,315.7,289.4,312.6,308.6,312.6
2022-05-27T13:30,40,286.5,317.7,312.4,317.7,287.4,310.6,306.6,310.6
2022-05-28T12:00,40,288.2,319.4,314.1,319.4,289.2,312.4,308.4,312.4
2022-05-31T12:30,40,291.2,322.4,317.1,322.4,291.2,314.4,310.4,314.4
2022-06-02T11:15,40,293.1,324.3,319.0,324.3,291.2,314.4,310.4,314.4
2022-06-03T14:30,40,296.2,327.4,322.1,327.4,294.2,317.4,313.4,317.4
2022-06-07T12:00,40,300.2,331.4,326.1,331.4,298.2,321.4,317.4,321.4
2022-06-09T17:00,40,313.9,345.1,339.8,345.1,311.9,335.1,331.1,335.1
2022-06-10T08:00,40,303.2,334.4,329.1,334.4,300.2,323.4,319.4,323.4
2022-06-10T10:15,40,312.3,343.5,338.2,343.5,310.3,333.5,329.5,333.5
2022-06-10T16:45,40,313.8,343.5,338.4,343.5,311.8,333.5,329.7,333.5
2022-06-13T15:30,40,313.8,343.5,338.3,343.5,311.8,333.5,329.6,333.5
2022-06-14T15:45,40,320.8,350.5,345.3,350.5,315.8,337.5,333.6,337.5
2022-06-16T13:30,40,320.8,350.5,345.3,350.5,319.8,341.5,337.6,341.5
2022-06-24T09:15,40,320.2,349.9,344.7,349.9,323.5,345.2,341.3,345.2
2022-06-24T12:00,40,320.2,349.9,344.7,349.9,322.8,344.5,340.6,344.5
2022-07-06T18:00,40,317.7,347.4,342.2,347.4,320.2,341.9,338.0,341.9
2022-07-07T15:30,40,316.1,345.8,340.6,345.8,318.6,340.3,336.4,340.3
2022-07-12T15:00,40,318.9,345.8,341.0,345.8,321.2,340.3,336.7,340.3
2022-07-14T13:00,40,315.9,342.8,338.0,342.8,320.2,339.3,335.7,339.3
2022-07-21T11:30,40,314.2,341.1,336.3,341.1,317.2,336.3,332.7,336.3
2022-08-02T14:45,40,312.8,338.1,333.6,338.1,314.2,332.3,328.9,332.3
2022-08-05T13:30,40,310.8,336.1,331.6,336.1,313.2,331.3,327.9,331.3
2022-08-09T16:45,40,310.6,335.9,331.4,335.9,310.2,328.3,324.9,328.3
2022-08-15T13:15,40,307.6,332.9,328.4,332.9,309.2,327.3,323.9,327.3
2022-08-16T09:30,40,307.6,332.9,328.4,332.9,307.2,325.3,321.9,325.3
2022-08-20T20:15,41,307.5,331.2,327.0,331.2,307.1,324.9,321.6,324.9
2022-08-24T12:45,41,304.8,328.1,324.1,328.1,307.1,324.9,321.6,324.9
2022-08-26T12:45,41,304.8,328.1,324.1,328.1,309.1,326.8,323.6,326.8
2022-09-01T13:15,41,301.8,325.1,321.1,325.1,309.1,326.8,323.6,326.8
2022-09-14T17:15,43,299.7,323.0,319.2,323.0,308.8,326.7,323.6,326.7
2022-09-16T20:30,44,299.7,323.0,319.3,323.0,306.8,324.7,321.6,324.7
2022-09-19T14:30,44,299.7,323.0,319.3,323.0,304.8,322.7,319.6,322.7
2022-09-26T14:30,44,298.8,322.2,318.5,322.2,303.8,320.9,318.0,320.9
2022-09-27T13:00,44,298.8,322.2,318.5,322.2,302.8,319.9,317.0,319.9
2022-10-05T17:45,44,301.8,325.2,321.5,325.2,305.8,322.9,320.0,322.9
2022-10-10T13:30,44,304.8,328.2,324.5,328.2,309.8,326.9,324.0,326.9
2022-10-12T11:00,44,304.7,328.1,324.4,328.1,309.7,326.8,323.9,326.8
2022-10-26T13:45,44,304.7,328.1,324.4,328.1,311.7,328.8,325.9,328.8
2022-10-27T09:15,44,304.7,328.1,324.4,328.1,313.7,330.8,327.9,330.8
2022-10-31T12:00,44,304.7,328.1,324.4,328.1,313.6,330.7,327.8,330.7
2022-11-05T15:30,44,306.7,330.1,326.4,330.1,315.6,332.7,329.8,332.7
2022-11-07T14:30,44,306.5,329.9,326.2,329.9,317.6,334.7,331.8,334.7
2022-11-08T08:15,44,306.5,329.9,326.2,329.9,317.5,334.6,331.7,334.6
2022-11-24T15:00,44,306.5,329.9,326.2,329.9,315.5,332.6,329.7,332.6
2022-11-28T17:30,44,302.5,325.9,322.2,325.9,315.4,332.5,329.6,332.5
2022-11-28T19:30,44,302.3,325.8,322.1,325.8,315.4,332.5,329.6,332.5
2022-11-29T11:15,44,302.2,325.8,322.1,325.8,314.8,331.9,329.0,331.9
2022-11-29T17:30,44,302.2,325.8,322.1,325.8,314.7,331.8,328.9,331.8
2022-12-07T14:30,44,300.2,323.8,320.1,323.8,312.8,329.9,327.0,329.9
2022-12-08T08:30,44,300.1,323.7,320.0,323.7,312.8,329.9,327.0,329.9
2022-12-28T17:00,44,299.9,323.5,319.8,323.5,312.7,329.8,326.9,329.8
2022-12-29T10:15,44,299.8,323.4,319.7,323.4,312.6,329.7,326.8,329.7
2023-01-01T00:30,44,308.4,332.0,328.3,332.0,320.2,337.3,334.4,337.3
2023-01-03T10:45,44,304.4,328.0,324.3,328.0,319.0,336.1,333.2,336.1
2023-01-04T09:15,44,304.3,327.9,324.2,327.9,318.9,336.0,333.1,336.0
2023-01-06T12:00,44,302.2,325.8,322.1,325.8,316.8,333.9,331.0,333.9
2023-01-09T12:00,44,302.0,325.6,321.9,325.6,316.8,333.9,331.0,333.9
2023-02-03T14:00,44,302.0,325.6,321.9,325.6,314.8,331.9,329.0,331.9
2023-02-06T13:15,44,302.0,325.6,321.9,325.6,312.8,329.9,327.0,329.9
2023-03-09T09:15,44,301.9,325.5,321.8,325.5,312.8,329.9,327.0,329.9
2023-03-14T14:45,44,301.9,325.5,321.8,325.5,310.8,327.9,325.0,327.9
2023-03-16T14:30,44,299.8,323.4,319.7,323.4,308.8,325.9,323.0,325.9
2023-04-13T15:45,44,296.8,320.4,316.7,320.4,304.8,322.9,319.9,322.9
2023-04-14T13:15,44,296.8,320.4,316.7,320.4,303.6,322.9,319.7,322.9
2023-04-23T23:45,44,292.8,319.4,315.4,319.4,298.6,316.1,313.2,316.1
2023-04-24T08:30,44,292.7,319.3,315.3,319.3,298.5,316.0,313.1,316.0
2023-04-26T11:30,44,292.6,319.2,315.2,319.2,298.4,315.9,313.0,315.9
2023-05-03T22:15,44,292.6,319.2,315.2,319.2,296.4,313.9,311.0,313.9
2023-05-09T12:15,44,290.6,317.2,313.2,317.2,294.4,311.9,309.0,311.9
2023-05-10T12:00,44,289.9,316.6,312.6,316.6,292.3,311.8,308.6,311.8
2023-05-11T09:15,44,289.8,316.6,312.5,316.6,292.3,311.8,308.6,311.8
2023-05-17T16:30,45,289.8,316.6,312.6,316.6,292.3,311.8,308.7,311.8
2023-06-09T21:45,46,289.8,316.6,312.7,316.6,292.3,311.8,308.7,311.8
2023-06-16T13:32,46,287.8,314.6,310.7,314.6,290.3,309.8,306.7,309.8
2023-06-16T13:45,46,287.8,314.6,310.7,314.6,289.7,309.8,306.7,309.8
2023-06-19T16:45,46,285.8,314.6,309.1,312.6,287.7,309.8,306.0,309.2
2023-06-25T20:00,46,283.7,312.5,308.4,312.5,287.7,309.2,305.9,309.2
2023-07-04T17:30,46,283.7,312.5,307.8,312.5,287.7,309.2,305.4,309.2
2023-08-01T09:45,46,285.7,314.5,309.8,314.5,289.7,311.2,307.4,311.2
2023-08-04T13:00,46,283.7,312.5,307.8,312.5,287.7,309.2,305.4,309.2
2023-08-15T11:30,46,285.7,314.5,309.8,314.5,287.7,309.2,305.4,309.2
2023-08-22T17:00,46,287.7,316.5,311.8,316.5,289.7,311.2,307.4,311.2
2023-08-25T16:15,46,287.6,316.4,311.7,316.4,289.6,311.1,307.3,311.1
2023-08-29T11:30,46,288.6,317.4,312.7,317.4,290.6,312.1,308.3,312.1
2023-08-30T11:30,46,288.5,317.3,312.6,317.3,290.5,312.0,308.2,312.0
2023-09-11T21:00,46,291.4,320.2,315.5,320.2,292.8,314.3,310.5,314.3
2023-09-12T15:15,46,293.4,322.2,317.5,322.2,294.8,316.3,312.5,316.3
2023-09-13T13:00,46,293.3,322.1,317.4,322.1,294.7,316.2,312.4,316.2
2023-09-18T13:00,46,295.3,324.1,319.4,324.1,297.7,319.2,315.4,319.2
2023-09-19T14:45,46,295.2,324.0,319.3,324.0,297.6,319.1,315.3,319.1
2023-09-25T10:45,46,297.1,325.9,321.3,325.9,299.6,321.1,317.5,321.1
2023-09-25T13:15,46,297.1,325.9,321.3,325.9,299.5,320.9,317.3,320.9
2023-09-26T11:45,46,296.9,325.8,321.2,325.8,299.5,320.9,317.3,320.9
2023-09-26T15:45,46,296.8,325.6,321.0,325.6,299.4,320.9,317.3,320.9
2023-10-02T17:15,45,296.8,325.6,320.9,325.6,299.4,320.9,317.2,320.9
2023-10-06T12:15,45,294.8,323.6,318.9,323.6,298.4,319.9,316.2,319.9
2023-10-06T17:00,45,294.7,323.5,318.8,323.5,298.3,319.8,316.1,319.8
2023-10-15T23:15,45,294.7,323.5,318.8,323.5,300.3,321.8,318.1,321.8
