timestamp,stations_count,lowest_bensin,highest_bensin,average_bensin,common_bensin,lowest_diesel,highest_diesel,average_diesel,common_diesel
2016-04-19T00:27,8,183.3,188.3,187.7,188.3,165.8,170.8,170.2,170.8
2016-04-26T11:30,8,186.3,191.3,190.7,191.3,168.8,173.8,173.2,173.8
2016-05-17T16:15,8,186.3,191.3,190.7,191.3,171.8,176.8,176.2,176.8
2016-05-18T11:15,8,189.3,194.3,193.7,194.3,171.8,176.8,176.2,176.8
2016-05-25T13:15,8,188.3,193.3,192.7,193.3,171.8,176.8,176.2,176.8
2016-05-26T20:00,8,187.3,192.3,191.7,192.3,170.8,175.8,175.2,175.8
2016-05-27T10:30,8,187.3,191.3,190.8,191.3,170.8,174.8,174.3,174.8
2016-05-27T15:15,8,187.3,190.3,189.9,190.3,170.8,173.8,173.4,173.8
2016-05-28T10:15,8,187.3,189.3,189.0,189.3,170.8,172.8,172.5,172.8
2016-05-29T17:30,8,187.3,188.9,188.7,188.9,170.8,172.7,172.5,172.7
2016-05-31T11:15,8,187.3,191.7,191.2,191.7,170.8,172.7,172.5,172.7
2016-06-02T09:00,8,187.3,190.9,190.5,190.9,170.8,171.9,171.8,171.9
2016-06-03T15:45,8,190.7,190.9,190.9,190.9,171.7,171.9,171.9,171.9
2016-06-03T16:15,8,190.7,204.3,192.6,190.9,171.7,186.8,173.7,171.9
2016-06-05T14:00,8,174.7,191.7,189.5,191.7,173.7,174.7,174.6,174.7
2016-06-06T17:00,8,190.7,191.7,191.6,191.7,173.7,174.7,174.6,174.7
2016-06-21T09:15,8,190.7,191.6,191.5,191.6,173.7,174.6,174.5,174.6
2016-07-14T11:30,8,190.3,190.3,190.3,190.3,177.8,177.8,177.8,177.8
2016-07-14T11:45,8,190.3,190.3,190.3,190.3,173.7,174.7,174.6,174.7
2016-07-26T11:15,8,187.3,187.3,187.3,187.3,173.7,174.7,174.6,174.7
2016-07-28T12:30,8,186.1,186.1,186.1,186.1,173.6,173.6,173.6,173.6
2016-07-28T12:45,8,186.9,186.9,186.9,186.9,174.4,174.4,174.4,174.4
2016-08-02T10:15,8,184.3,184.3,184.3,184.3,172.4,172.4,172.4,172.4
2016-09-14T10:00,8,183.8,183.8,183.8,183.8,171.9,171.9,171.9,171.9
2016-10-05T16:15,8,184.3,184.3,184.3,184.3,172.4,172.8,172.7,172.8
2016-10-06T09:30,8,184.8,184.8,184.8,184.8,173.9,173.9,173.9,173.9
2016-10-14T15:00,8,184.8,184.8,184.8,184.8,173.9,175.9,175.7,175.9
2016-10-28T09:00,8,177.7,177.7,177.7,177.7,167.8,167.8,167.8,167.8
2016-10-28T13:00,8,185.7,185.7,185.7,185.7,178.7,178.7,178.7,178.7
2016-10-31T09:00,8,187.6,187.6,187.6,187.6,180.6,180.6,180.6,180.6
2016-10-31T15:45,8,187.5,187.5,187.5,187.5,180.6,180.6,180.6,180.6
2016-11-03T12:45,8,185.5,185.5,185.5,185.5,177.6,177.6,177.6,177.6
2016-11-04T09:15,8,185.4,185.4,185.4,185.4,177.6,177.6,177.6,177.6
2016-11-14T12:30,8,183.4,183.4,183.4,183.4,176.6,176.6,176.6,176.6
2016-11-16T15:30,8,183.3,183.3,183.3,183.3,176.6,176.6,176.6,176.6
2016-11-17T09:15,8,182.3,182.3,182.3,182.3,175.6,175.6,175.6,175.6
2016-11-18T09:00,8,182.1,182.1,182.1,182.1,175.6,175.6,175.6,175.6
2016-12-05T11:30,8,184.8,184.8,184.8,184.8,178.5,178.5,178.5,178.5
2016-12-15T08:30,8,185.8,185.8,185.8,185.8,181.5,181.5,181.5,181.5
2016-12-22T09:30,8,186.8,186.8,186.8,186.8,182.1,182.1,182.1,182.1
2016-12-27T10:15,8,188.8,188.8,188.8,188.8,183.5,183.5,183.5,183.5
2016-12-30T13:15,8,184.5,184.5,184.5,184.5,179.0,179.0,179.0,179.0
2016-12-30T13:30,8,184.8,184.8,184.8,184.8,179.0,179.0,179.0,179.0
2016-12-31T10:45,8,189.0,189.0,189.0,189.0,183.2,183.2,183.2,183.2
2017-01-02T11:45,8,194.0,194.0,194.0,194.0,188.2,188.2,188.2,188.2
2017-01-03T18:45,8,193.4,193.4,193.4,193.4,186.2,186.2,186.2,186.2
2017-01-24T10:30,8,194.3,194.3,194.3,194.3,187.1,187.1,187.1,187.1
2017-01-25T09:00,8,195.4,195.4,195.4,195.4,187.1,187.1,187.1,187.1
2017-02-14T09:30,8,196.4,196.4,196.4,196.4,187.1,187.1,187.1,187.1
2017-02-14T10:15,8,196.4,196.4,196.4,196.4,188.1,188.1,188.1,188.1
2017-02-27T13:15,8,194.4,194.4,194.4,194.4,186.1,186.1,186.1,186.1
2017-02-28T09:45,8,193.4,193.4,193.4,193.4,185.3,185.3,185.3,185.3
2017-03-07T10:30,8,191.3,191.3,191.3,191.3,183.1,183.1,183.1,183.1
2017-03-20T12:00,8,189.3,189.3,189.3,189.3,181.1,181.1,181.1,181.1
2017-03-27T09:00,8,190.3,190.3,190.3,190.3,182.1,182.1,182.1,182.1
2017-03-31T12:45,8,185.9,185.9,185.9,185.9,179.8,179.8,179.8,179.8
2017-04-03T10:00,8,187.7,187.7,187.7,187.7,179.6,179.6,179.6,179.6
2017-04-05T13:15,8,190.2,190.2,190.2,190.2,181.6,181.6,181.6,181.6
2017-04-28T10:45,8,190.2,190.2,190.2,190.2,177.6,177.6,177.6,177.6
2017-05-02T12:00,8,188.2,188.2,188.2,188.2,175.6,175.6,175.6,175.6
2017-05-04T13:00,8,187.7,187.7,187.7,187.7,175.1,175.1,175.1,175.1
2017-05-09T12:00,8,185.7,185.7,185.7,185.7,173.1,173.1,173.1,173.1
2017-05-10T09:00,8,187.7,187.7,187.7,187.7,175.1,175.1,175.1,175.1
2017-05-19T11:45,8,185.7,185.7,185.7,185.7,173.1,173.1,173.1,173.1
2017-05-23T10:15,8,185.0,185.2,185.2,185.2,172.6,172.6,172.6,172.6
2017-05-23T10:30,8,185.2,185.2,185.2,185.2,172.6,172.6,172.6,172.6
2017-05-23T12:30,8,183.2,183.2,183.2,183.2,170.6,170.6,170.6,170.6
2017-05-29T08:45,8,181.2,181.2,181.2,181.2,168.6,168.6,168.6,168.6
2017-06-10T12:00,8,180.1,180.1,180.1,180.1,167.5,167.5,167.5,167.5
2017-06-12T23:00,8,178.1,178.1,178.1,178.1,165.5,165.5,165.5,165.5
2017-06-15T15:00,8,176.4,178.1,177.9,178.1,162.9,165.5,165.2,165.5
2017-06-15T15:45,8,176.4,176.4,176.4,176.4,162.9,163.9,163.8,163.9
2017-06-16T10:00,8,175.8,175.8,175.8,175.8,163.3,163.3,163.3,163.3
2017-06-19T11:00,8,175.2,175.2,175.2,175.2,162.7,162.7,162.7,162.7
2017-07-12T10:45,8,176.6,176.6,176.6,176.6,163.8,163.8,163.8,163.8
2017-07-17T11:15,8,176.6,176.6,176.6,176.6,165.8,165.8,165.8,165.8
2017-07-28T12:00,8,178.6,178.6,178.6,178.6,168.8,168.8,168.8,168.8
2017-08-31T14:00,8,177.6,177.6,177.6,177.6,167.8,167.8,167.8,167.8
2017-10-11T09:45,8,180.6,180.6,180.6,180.6,170.8,170.8,170.8,170.8
2017-10-25T09:45,8,180.4,182.6,182.3,182.6,170.6,172.8,172.5,172.8
2017-10-26T00:00,8,180.2,182.6,182.3,182.6,170.4,172.8,172.5,172.8
2017-10-28T08:45,8,180.1,182.6,182.3,182.6,170.4,172.8,172.5,172.8
2017-10-28T10:30,8,179.9,182.6,182.3,182.6,170.2,172.8,172.5,172.8
2017-10-28T12:15,8,179.7,182.6,182.2,182.6,170.0,172.8,172.4,172.8
2017-10-28T15:15,8,179.6,182.6,182.2,182.6,169.9,172.8,172.4,172.8
2017-11-08T22:00,8,179.6,187.6,186.6,187.6,169.9,179.8,178.6,179.8
2017-11-10T10:00,8,179.6,189.6,187.8,189.6,169.9,181.8,179.8,181.8
2017-11-14T23:30,8,183.6,191.6,190.1,191.6,173.9,183.8,182.1,183.8
2017-11-16T11:15,8,185.6,193.5,192.0,193.5,175.9,185.7,184.0,185.7
2017-11-20T18:45,8,189.6,193.5,192.5,193.5,179.6,185.7,184.4,185.7
2017-11-29T16:45,8,190.9,195.6,194.6,195.6,181.9,187.6,186.4,187.6
2018-01-01T16:15,8,190.9,200.6,198.9,200.6,181.9,192.6,190.8,192.6
2018-01-03T12:15,8,196.9,200.6,199.7,200.6,187.9,192.6,191.5,192.6
2018-01-10T14:15,8,196.9,200.6,199.7,200.6,187.9,193.8,192.8,193.8
2018-01-15T11:15,8,197.5,201.2,200.3,201.2,188.9,194.8,194.0,194.8
2018-01-25T16:00,8,198.5,203.8,203.0,203.8,192.2,196.2,195.6,196.2
2018-01-29T13:45,8,198.5,209.7,203.8,203.8,192.2,203.2,196.5,196.2
2018-01-30T16:15,8,198.5,210.8,204.0,203.8,192.2,203.2,196.5,196.2
2018-02-21T15:30,9,198.5,203.8,203.1,203.8,192.2,196.2,195.6,196.2
2018-03-29T22:45,10,198.5,203.8,202.6,203.8,192.2,196.2,195.3,196.2
2018-04-12T10:15,10,200.5,205.8,204.6,205.8,194.2,198.2,197.3,198.2
2018-04-20T12:15,10,202.5,207.8,206.6,207.8,196.2,200.2,199.3,200.2
2018-04-23T14:45,10,202.5,208.4,206.8,207.8,196.2,200.8,199.5,200.2
2018-04-23T15:15,10,203.5,208.8,207.6,208.8,197.2,201.2,200.3,201.2
2018-04-30T14:45,10,205.5,210.8,209.6,210.8,199.2,203.2,202.3,203.2
2018-05-02T13:45,10,205.5,210.8,208.7,210.4,199.2,203.2,201.4,202.8
2018-05-08T15:15,10,208.5,213.8,211.7,213.4,201.2,205.2,203.3,202.2
2018-05-17T11:30,10,211.5,216.8,214.7,216.4,204.2,208.2,206.3,205.2
2018-05-22T14:30,10,213.5,218.8,216.7,218.4,206.2,210.2,208.3,209.8
2018-05-24T16:00,10,213.5,220.4,217.7,217.8,206.2,211.8,209.3,209.2
2018-05-24T16:30,10,215.5,220.8,218.7,217.8,208.2,212.2,210.3,209.2
2018-09-14T10:00,10,217.8,221.9,221.1,221.9,208.2,213.8,212.7,213.8
2018-10-03T10:00,10,218.7,223.3,221.9,223.3,208.7,220.9,216.5,217.2
2018-10-10T11:45,10,218.7,224.3,222.5,224.3,208.7,221.2,218.1,221.2
2018-10-11T11:15,10,218.7,224.3,222.5,224.3,208.7,221.3,218.7,221.2
2018-11-02T13:30,10,218.7,224.3,222.5,224.3,215.7,221.3,220.1,221.2
2018-11-10T13:45,10,215.7,221.3,219.5,221.3,215.7,221.3,220.1,221.2
2018-11-12T09:15,10,215.7,221.3,219.3,221.3,215.7,221.3,219.3,219.2
2018-11-12T10:15,10,215.7,221.3,219.5,221.3,215.7,221.3,219.3,219.2
2018-11-12T10:30,10,217.7,221.3,219.9,221.3,217.7,221.3,219.5,219.2
2018-11-16T13:45,10,217.7,221.3,219.9,221.3,217.7,221.3,219.1,219.2
2018-11-21T12:00,10,214.7,218.9,218.1,218.3,215.7,221.3,217.9,217.2
2018-11-21T12:45,10,214.7,218.9,217.8,218.3,215.7,221.3,217.7,217.2
2018-11-23T08:15,10,214.7,218.9,217.8,218.3,215.2,221.3,217.6,217.2
2018-11-25T18:30,10,214.3,218.9,217.7,218.3,215.2,221.3,217.6,217.2
2018-11-26T16:00,10,214.3,218.9,217.7,218.3,215.2,221.1,217.6,217.2
2018-11-27T09:30,10,214.3,218.7,217.6,218.3,215.2,221.1,217.6,217.2
2018-11-27T09:45,10,214.3,218.3,217.5,218.3,215.2,218.2,217.6,218.2
2018-11-27T10:15,10,212.3,218.2,217.0,218.2,214.2,218.2,217.4,218.2
2018-11-28T10:30,10,212.3,217.7,216.6,217.7,214.2,218.2,217.4,218.2
2018-11-29T20:45,10,210.8,217.7,216.3,217.7,213.2,218.2,217.2,218.2
2018-11-29T21:00,10,210.8,216.7,215.5,216.7,213.2,217.3,216.5,217.3
2019-01-02T14:45,10,212.3,216.7,215.8,216.7,214.7,217.3,216.8,217.3
2019-01-04T09:45,10,213.5,216.7,216.1,216.7,216.0,217.3,217.0,217.3
2019-01-04T20:00,10,211.5,216.7,215.9,216.7,214.0,217.3,216.8,217.3
2019-01-04T20:15,10,211.5,216.7,215.7,216.7,214.0,217.3,216.6,217.3
2019-01-04T21:15,10,211.5,216.7,215.7,216.7,212.0,217.3,216.2,217.3
2019-01-07T10:45,10,213.9,215.4,215.1,215.4,214.6,215.7,215.5,215.7
2019-01-15T15:00,10,213.2,215.4,215.0,215.4,214.6,215.7,215.5,215.7
2019-01-15T15:45,10,213.2,215.4,215.0,215.4,214.2,215.7,215.4,215.7
2019-01-28T17:00,10,213.2,214.7,214.4,214.7,214.2,215.7,215.4,215.7
2019-02-05T13:15,10,214.2,215.7,215.4,215.7,214.2,215.7,215.4,215.7
2019-02-11T16:45,10,214.2,215.7,215.3,215.7,214.2,215.7,215.4,215.7
2019-02-16T15:00,10,213.7,215.7,215.3,215.7,214.2,215.7,215.4,215.7
2019-02-18T18:45,10,215.7,217.7,217.3,217.7,216.2,217.7,217.4,217.7
2019-02-19T10:00,10,215.7,217.7,217.2,217.7,216.2,217.7,217.4,217.7
2019-02-21T11:30,10,217.4,219.4,219.0,219.4,218.2,219.2,219.0,219.2
2019-02-22T10:00,10,217.4,219.4,218.9,219.4,218.2,219.2,219.0,219.2
2019-03-01T19:00,10,217.4,220.6,220.0,220.6,218.2,220.7,220.2,220.7
2019-03-14T10:00,10,218.7,220.6,220.2,220.6,208.7,220.7,218.3,220.7
2019-03-14T12:00,10,217.4,220.6,220.0,220.6,218.2,220.7,220.2,220.7
2019-03-27T19:45,9,217.4,222.1,221.1,222.1,218.2,220.7,220.1,220.7
2019-04-12T19:00,8,217.4,226.2,224.0,226.2,218.2,221.7,220.8,221.7
2019-04-16T11:15,8,217.4,228.2,225.3,228.2,218.2,222.5,221.3,222.5
2019-04-16T11:30,8,217.4,228.2,225.5,228.2,218.2,222.5,221.4,222.5
2019-04-17T16:15,8,219.9,228.2,226.1,228.2,218.2,222.5,221.4,222.5
2019-04-26T13:45,8,220.0,230.3,226.4,228.2,218.2,223.8,221.6,222.5
2019-04-26T14:00,8,220.0,230.3,227.7,230.3,218.2,223.8,222.4,223.8
2019-05-01T00:30,8,222.1,230.3,228.2,230.3,214.6,223.8,222.0,223.8
2019-05-02T16:15,8,222.1,232.7,230.1,232.7,214.6,225.4,223.9,225.4
2019-05-05T10:45,8,222.1,235.1,230.7,232.7,216.1,226.9,224.2,225.4
2019-05-05T11:00,8,224.5,235.1,232.4,235.1,216.1,226.9,224.2,226.9
2019-05-10T12:30,8,227.5,235.1,233.2,235.1,219.1,226.9,225.0,226.9
2019-05-20T12:30,8,230.5,236.1,235.2,236.1,221.1,227.4,226.3,227.4
2019-05-27T10:00,8,230.5,236.6,235.4,236.6,222.5,227.4,225.9,226.3
2019-06-03T16:15,8,230.5,241.6,237.0,236.6,222.5,231.3,227.2,226.3
2019-06-05T07:47,8,230.6,238.6,235.2,233.6,222.8,227.8,225.1,222.8
2019-06-07T11:15,8,228.4,238.6,233.5,231.4,220.8,227.8,223.6,220.8
2019-06-13T11:15,8,226.6,238.6,233.0,231.6,218.6,227.8,222.8,220.8
2019-06-13T13:30,8,226.6,236.6,232.8,231.6,218.6,225.6,222.3,220.8
2019-06-14T13:15,8,226.6,236.6,232.8,231.6,218.6,225.6,222.2,220.6
2019-07-02T17:30,8,226.6,237.6,233.0,231.6,218.6,226.5,222.3,220.6
2019-07-03T11:30,8,226.6,237.6,233.7,237.6,218.6,226.5,223.1,220.6
2019-07-04T09:45,8,226.6,237.6,234.1,237.6,218.6,226.5,223.5,226.5
2019-07-10T12:45,8,228.9,238.9,234.7,231.9,217.6,227.6,223.8,221.6
2019-07-14T00:45,8,228.9,240.1,235.3,231.9,217.6,228.6,224.3,228.6
2019-07-15T13:30,8,228.9,240.1,236.1,240.1,217.6,228.6,224.7,228.6
2019-07-18T09:15,8,228.9,240.1,236.4,240.1,217.6,228.6,225.0,228.6
2019-07-18T20:00,1,228.9,228.9,228.9,228.9,217.6,217.6,217.6,217.6
2019-08-07T15:45,1,226.1,226.1,226.1,226.1,217.6,217.6,217.6,217.6
2019-08-23T17:30,1,224.1,224.1,224.1,224.1,214.6,214.6,214.6,214.6
2019-09-12T11:45,1,226.7,226.7,226.7,226.7,215.7,215.7,215.7,215.7
2019-09-17T12:00,1,229.2,229.2,229.2,229.2,217.7,217.7,217.7,217.7
2019-09-18T15:45,1,227.6,227.6,227.6,227.6,216.7,216.7,216.7,216.7
2019-09-19T13:30,1,229.6,229.6,229.6,229.6,220.6,220.6,220.6,220.6
2019-11-12T14:00,1,229.0,229.0,229.0,229.0,220.1,220.1,220.1,220.1
2019-11-29T10:15,1,225.6,225.6,225.6,225.6,219.1,219.1,219.1,219.1
2020-01-02T08:15,1,232.7,232.7,232.7,232.7,227.7,227.7,227.7,227.7
2020-01-02T13:15,1,230.5,230.5,230.5,230.5,227.5,227.5,227.5,227.5
2020-01-14T16:15,1,230.8,230.8,230.8,230.8,225.9,225.9,225.9,225.9
2020-01-20T11:30,1,229.3,229.3,229.3,229.3,224.5,224.5,224.5,224.5
2020-01-24T12:00,1,230.3,230.3,230.3,230.3,225.5,225.5,225.5,225.5
2020-01-25T09:00,0,null,null,null,null,null,null,null,null
