timestamp,stations_count,lowest_bensin,highest_bensin,average_bensin,common_bensin,lowest_diesel,highest_diesel,average_diesel,common_diesel
2016-04-19T00:27,37,195.7,195.7,195.7,195.7,181.3,181.3,181.3,181.3
2016-04-25T13:45,37,198.7,198.7,198.7,198.7,184.3,184.3,184.3,184.3
2016-05-17T09:00,37,201.7,201.7,201.7,201.7,187.3,187.3,187.3,187.3
2016-05-18T09:15,37,201.7,201.7,201.7,201.7,186.3,186.3,186.3,186.3
2016-05-27T09:30,37,204.7,204.7,204.7,204.7,189.3,189.3,189.3,189.3
2016-06-02T13:00,37,205.7,205.7,205.7,205.7,189.3,189.3,189.3,189.3
2016-06-03T15:30,37,204.7,204.7,204.7,204.7,189.3,189.3,189.3,189.3
2016-06-06T18:15,37,205.5,205.5,205.5,205.5,190.4,190.4,190.4,190.4
2016-06-28T16:30,37,205.5,205.5,205.5,205.5,187.4,187.4,187.4,187.4
2016-07-01T09:15,37,203.5,203.5,203.5,203.5,187.4,187.4,187.4,187.4
2016-07-06T18:15,37,202.6,202.6,202.6,202.6,186.9,186.9,186.9,186.9
2016-07-12T09:15,37,201.6,201.6,201.6,201.6,186.9,186.9,186.9,186.9
2016-07-14T10:45,37,199.6,199.6,199.6,199.6,185.9,185.9,185.9,185.9
2016-07-21T16:30,37,198.8,198.8,198.8,198.8,185.9,185.9,185.9,185.9
2016-07-26T14:30,37,196.7,196.7,196.7,196.7,183.9,183.9,183.9,183.9
2016-08-02T09:30,37,193.7,193.7,193.7,193.7,181.9,181.9,181.9,181.9
2016-08-05T00:30,37,192.8,192.8,192.8,192.8,181.8,181.8,181.8,181.8
2016-08-18T11:30,37,194.8,194.8,194.8,194.8,183.8,183.8,183.8,183.8
2016-09-29T13:15,37,192.8,192.8,192.8,192.8,183.8,183.8,183.8,183.8
2016-10-04T14:45,37,194.3,194.3,194.3,194.3,185.8,185.8,185.8,185.8
2016-10-12T16:15,37,193.8,193.8,193.8,193.8,185.8,185.8,185.8,185.8
2016-10-14T10:45,37,194.8,194.8,194.8,194.8,187.8,187.8,187.8,187.8
2016-10-20T10:00,37,195.8,195.8,195.8,195.8,189.8,189.8,189.8,189.8
2016-10-21T14:45,37,194.8,194.8,194.8,194.8,187.8,187.8,187.8,187.8
2016-10-31T11:30,37,196.8,196.8,196.8,196.8,189.8,189.8,189.8,189.8
2016-11-02T09:15,37,195.8,195.8,195.8,195.8,188.8,188.8,188.8,188.8
2016-11-03T13:30,37,194.8,194.8,194.8,194.8,186.8,186.8,186.8,186.8
2016-11-14T10:15,37,193.8,193.8,193.8,193.8,185.8,185.8,185.8,185.8
2016-11-17T09:30,37,191.8,191.8,191.8,191.8,184.8,184.8,184.8,184.8
2016-12-03T00:30,37,194.8,194.8,194.8,194.8,187.8,187.8,187.8,187.8
2016-12-05T14:30,37,194.5,194.5,194.5,194.5,187.7,187.7,187.7,187.7
2016-12-14T15:00,37,195.5,195.5,195.5,195.5,190.7,190.7,190.7,190.7
2016-12-19T14:30,37,195.5,195.5,195.5,195.5,189.3,189.3,189.3,189.3
2016-12-21T11:15,37,197.5,197.5,197.5,197.5,191.3,191.3,191.3,191.3
2016-12-31T00:45,37,200.5,200.5,200.5,200.5,193.3,193.3,193.3,193.3
2017-01-02T12:00,37,202.5,202.5,202.5,202.5,196.3,196.3,196.3,196.3
2017-01-03T16:15,37,202.3,202.3,202.3,202.3,194.7,194.7,194.7,194.7
2017-01-24T10:45,37,203.9,203.9,203.9,203.9,195.8,195.8,195.8,195.8
2017-02-10T10:45,37,204.9,204.9,204.9,204.9,196.8,196.8,196.8,196.8
2017-02-13T10:45,37,205.9,205.9,205.9,205.9,196.8,196.8,196.8,196.8
2017-02-28T09:30,37,202.9,202.9,202.9,202.9,193.8,193.8,193.8,193.8
2017-03-08T09:45,37,201.9,201.9,201.9,201.9,191.8,191.8,191.8,191.8
2017-03-08T14:30,37,199.9,199.9,199.9,199.9,191.8,191.8,191.8,191.8
2017-03-22T09:45,37,197.9,197.9,197.9,197.9,189.8,189.8,189.8,189.8
2017-03-28T14:15,37,199.9,199.9,199.9,199.9,191.8,191.8,191.8,191.8
2017-04-03T13:45,37,205.9,205.9,205.9,205.9,196.8,196.8,196.8,196.8
2017-04-03T14:15,37,201.9,201.9,201.9,201.9,191.8,191.8,191.8,191.8
2017-04-06T09:00,37,202.4,202.4,202.4,202.4,192.3,192.3,192.3,192.3
2017-04-07T10:30,37,204.4,204.4,204.4,204.4,193.8,193.8,193.8,193.8
2017-04-07T16:15,37,203.4,203.4,203.4,203.4,193.8,193.8,193.8,193.8
2017-04-27T12:30,37,202.4,202.4,202.4,202.4,189.3,189.3,189.3,189.3
2017-05-04T14:00,37,200.4,200.4,200.4,200.4,187.3,187.3,187.3,187.3
2017-05-10T16:00,37,199.9,199.9,199.9,199.9,187.3,187.3,187.3,187.3
2017-05-22T16:45,37,197.9,197.9,197.9,197.9,185.3,185.3,185.3,185.3
2017-05-29T15:45,37,197.9,197.9,197.9,197.9,184.3,184.3,184.3,184.3
2017-06-07T10:00,37,195.9,195.9,195.9,195.9,183.3,183.3,183.3,183.3
2017-06-12T13:45,37,193.9,193.9,193.9,193.9,181.3,181.3,181.3,181.3
2017-06-16T14:45,37,192.4,192.4,192.4,192.4,177.2,177.2,177.2,177.2
2017-06-26T09:45,37,193.7,193.7,193.7,193.7,180.2,180.2,180.2,180.2
2017-07-11T09:30,37,194.4,194.4,194.4,194.4,182.2,182.2,182.2,182.2
2017-07-12T09:30,37,195.7,195.7,195.7,195.7,184.2,184.2,184.2,184.2
2017-07-26T11:45,37,197.7,197.7,197.7,197.7,187.7,187.7,187.7,187.7
2017-07-28T13:15,37,198.4,198.4,198.4,198.4,186.2,186.2,186.2,186.2
2017-08-08T13:00,37,199.9,199.9,199.9,199.9,189.9,189.9,189.9,189.9
2017-09-01T12:00,37,202.9,202.9,202.9,202.9,190.2,190.2,190.2,190.2
2017-09-05T15:00,37,202.9,202.9,202.9,202.9,190.9,190.9,190.9,190.9
2017-09-11T16:15,37,204.8,204.8,204.8,204.8,194.9,194.9,194.9,194.9
2017-10-20T10:45,37,202.8,202.8,202.8,202.8,193.9,193.9,193.9,193.9
2017-11-08T22:00,37,206.8,206.8,206.8,206.8,198.9,198.9,198.9,198.9
2018-01-01T00:15,37,213.0,213.0,213.0,213.0,206.3,206.3,206.3,206.3
2018-01-02T12:15,37,211.8,211.8,211.8,211.8,206.3,206.3,206.3,206.3
2018-01-18T14:00,37,209.8,209.8,209.8,209.8,203.3,203.3,203.3,203.3
2018-01-25T09:15,37,213.8,213.8,213.8,213.8,207.3,207.3,207.3,207.3
2018-01-29T13:45,37,212.8,212.8,212.8,212.8,206.6,206.6,206.6,206.6
2018-04-10T13:00,37,214.8,214.8,214.8,214.8,208.6,208.6,208.6,208.6
2018-04-18T17:30,37,216.8,216.8,216.8,216.8,209.9,209.9,209.9,209.9
2018-04-24T14:15,37,218.8,218.8,218.8,218.8,211.9,211.9,211.9,211.9
2018-05-08T09:15,37,221.8,221.8,221.8,221.8,213.9,213.9,213.9,213.9
2018-05-17T09:00,37,224.8,224.8,224.8,224.8,216.9,216.9,216.9,216.9
2018-05-19T12:15,37,226.8,226.8,226.8,226.8,218.9,218.9,218.9,218.9
2018-05-24T12:00,37,229.7,229.7,229.7,229.7,221.8,221.8,221.8,221.8
2018-06-05T13:15,37,228.2,228.2,228.2,228.2,220.3,220.3,220.3,220.3
2018-08-23T09:30,37,230.2,230.2,230.2,230.2,221.3,221.3,221.3,221.3
2018-08-27T09:45,37,229.2,229.2,229.2,229.2,220.3,220.3,220.3,220.3
2018-08-27T13:45,37,231.3,231.3,231.3,231.3,221.3,221.3,221.3,221.3
2018-09-06T09:30,37,232.3,232.3,232.3,232.3,224.3,224.3,224.3,224.3
2018-09-13T09:45,37,233.3,233.3,233.3,233.3,227.3,227.3,227.3,227.3
2018-09-14T09:30,37,233.3,233.3,233.3,233.3,226.2,226.2,226.2,226.2
2018-10-01T09:30,37,233.3,233.3,233.3,233.3,229.2,229.2,229.2,229.2
2018-10-03T17:00,37,234.3,234.3,234.3,234.3,232.2,232.2,232.2,232.2
2018-10-05T15:30,37,233.3,233.3,233.3,233.3,229.2,229.2,229.2,229.2
2018-10-10T14:30,37,235.3,235.3,235.3,235.3,233.2,233.2,233.2,233.2
2018-11-10T11:00,37,232.2,232.2,232.2,232.2,231.2,231.2,231.2,231.2
2018-11-22T09:30,37,227.2,227.2,227.2,227.2,227.2,227.2,227.2,227.2
2018-11-26T09:30,37,225.2,225.2,225.2,225.2,227.2,227.2,227.2,227.2
2018-11-27T16:45,37,223.2,223.2,223.2,223.2,226.2,226.2,226.2,226.2
2018-11-30T10:45,37,221.7,221.7,221.7,221.7,225.2,225.2,225.2,225.2
2019-01-04T15:30,37,223.2,223.2,223.2,223.2,226.7,226.7,226.7,226.7
2019-01-05T12:45,37,221.2,221.2,221.2,221.2,222.7,222.7,222.7,222.7
2019-01-11T11:15,37,221.2,221.2,221.2,221.2,224.7,224.7,224.7,224.7
2019-01-18T10:15,37,221.2,221.2,221.2,221.2,222.7,222.7,222.7,222.7
2019-01-21T16:00,37,223.3,223.3,223.3,223.3,225.0,225.0,225.0,225.0
2019-01-28T10:45,37,221.3,221.3,221.3,221.3,222.8,222.8,222.8,222.8
2019-02-04T12:00,37,222.8,222.8,222.8,222.8,223.8,223.8,223.8,223.8
2019-02-18T10:15,37,224.7,224.7,224.7,224.7,225.7,225.7,225.7,225.7
2019-02-20T16:00,37,226.4,226.4,226.4,226.4,227.2,227.2,227.2,227.2
2019-03-01T14:15,37,227.9,227.9,227.9,227.9,228.7,228.7,228.7,228.7
2019-03-27T19:45,37,229.4,229.4,229.4,229.4,228.7,228.7,228.7,228.7
2019-03-28T16:45,37,231.7,231.7,231.7,231.7,230.5,230.5,230.5,230.5
2019-04-03T16:00,37,233.5,233.5,233.5,233.5,230.5,230.5,230.5,230.5
2019-04-12T19:00,36,235.1,235.1,235.1,235.1,230.5,230.5,230.5,230.5
2019-04-13T16:45,36,237.0,237.0,237.0,237.0,230.5,230.5,230.5,230.5
2019-04-26T11:45,36,239.1,239.1,239.1,239.1,231.6,231.6,231.6,231.6
2019-05-02T14:30,36,241.5,241.5,241.5,241.5,233.1,233.1,233.1,233.1
2019-05-20T12:30,36,243.5,243.5,243.5,243.5,234.1,234.1,234.1,234.1
2019-06-03T16:15,36,240.5,240.5,240.5,240.5,230.6,230.6,230.6,230.6
2019-06-06T21:30,36,238.7,240.5,240.5,240.5,227.7,230.6,230.5,230.6
2019-06-08T19:30,36,238.7,240.5,240.5,240.5,227.9,230.6,230.5,230.6
2019-06-12T15:00,36,236.7,238.5,238.5,238.5,225.7,228.4,228.3,228.4
2019-06-16T13:21,35,236.7,238.5,238.4,238.5,225.5,228.4,228.2,228.4
2019-07-02T15:15,35,237.7,239.5,239.4,239.5,226.5,229.4,229.2,229.4
2019-07-03T11:30,35,236.7,238.5,238.4,238.5,225.5,228.4,228.2,228.4
2019-07-03T15:30,35,237.7,239.5,239.4,239.5,226.5,229.4,229.2,229.4
2019-07-10T12:45,34,239.0,240.8,240.7,240.8,227.5,230.4,230.1,230.4
2019-07-14T00:45,34,240.2,242.0,241.9,242.0,228.5,231.4,231.1,231.4
2019-07-25T16:15,34,237.2,239.0,238.9,239.0,226.5,229.4,229.1,229.4
2019-07-26T10:15,34,238.0,239.8,239.7,239.8,226.3,229.2,228.9,229.2
2019-07-31T15:30,34,237.0,238.8,238.7,238.8,226.3,229.2,228.9,229.2
2019-08-07T13:15,34,236.0,237.8,237.7,237.8,224.3,227.2,226.9,227.2
2019-09-04T15:00,34,231.9,237.8,237.6,237.8,221.3,227.2,226.9,227.2
2019-09-11T15:30,34,231.9,237.8,237.6,237.8,223.4,229.3,229.0,229.3
2019-09-17T15:30,34,233.4,239.3,239.1,239.3,225.9,231.8,231.5,231.8
2019-11-11T13:45,34,232.0,237.9,237.7,237.9,224.8,230.7,230.4,230.7
2019-11-28T17:15,34,232.0,237.9,237.7,237.9,226.8,232.7,232.4,232.7
2019-12-03T16:45,34,230.6,236.5,236.3,236.5,223.6,229.5,229.2,229.5
2019-12-04T14:45,34,231.6,236.5,236.3,236.5,224.4,229.5,229.2,229.5
2019-12-11T16:30,34,231.6,236.5,236.3,236.5,225.9,231.0,230.7,231.0
2019-12-17T08:45,34,233.1,238.0,237.8,238.0,227.9,233.0,232.7,233.0
2019-12-30T15:15,34,234.6,239.5,239.3,239.5,229.4,234.5,234.2,234.5
2020-01-01T00:30,34,238.0,242.9,242.7,242.9,232.6,237.7,237.4,237.7
2020-01-14T12:30,34,237.8,242.7,242.5,242.7,230.7,235.8,235.5,235.8
2020-01-21T18:45,34,236.8,241.7,241.5,241.7,229.6,234.7,234.4,234.7
2020-01-27T08:45,34,235.7,240.6,240.4,240.6,228.1,233.2,232.9,233.2
2020-01-27T13:00,34,233.9,238.8,238.6,238.8,226.7,231.8,231.5,231.8
2020-01-28T13:30,34,232.9,237.8,237.6,237.8,225.7,230.8,230.5,230.8
2020-02-04T13:45,34,231.8,236.7,236.5,236.7,222.2,227.3,227.0,227.3
2020-02-21T18:45,34,233.8,238.7,238.5,238.7,223.2,228.3,228.0,228.3
2020-02-26T11:00,34,231.9,236.8,236.6,236.8,221.7,226.8,226.5,226.8
2020-03-08T18:15,34,229.9,234.8,234.6,234.8,220.2,225.3,225.0,225.3
2020-03-09T11:15,34,226.9,231.8,231.6,231.8,217.2,222.3,222.0,222.3
2020-03-13T11:45,34,223.9,228.8,228.6,228.8,215.2,220.3,220.0,220.3
2020-03-17T09:00,34,221.9,226.8,226.6,226.8,215.2,220.3,220.0,220.3
2020-03-18T11:00,34,219.9,224.8,224.6,224.8,213.2,218.3,218.0,218.3
2020-03-23T19:15,34,216.9,221.8,221.6,221.8,212.2,217.3,217.0,217.3
2020-03-31T12:15,34,213.9,218.8,218.6,218.8,210.2,215.3,215.0,215.3
2020-04-14T16:45,34,211.9,216.8,216.6,216.8,209.2,214.3,214.0,214.3
2020-04-21T11:45,34,208.9,213.8,213.6,213.8,207.2,212.3,212.0,212.3
2020-04-24T10:45,34,206.9,211.8,211.6,211.8,205.2,210.3,210.0,210.3
2020-04-28T16:00,34,205.9,210.8,210.6,210.8,203.2,208.3,208.0,208.3
2020-06-09T09:00,34,204.5,210.8,210.4,210.8,200.6,208.3,207.8,208.3
2020-06-09T15:00,34,206.5,212.8,212.4,212.8,201.8,209.5,209.0,209.5
2020-06-11T12:15,34,204.5,214.8,214.3,214.8,200.6,208.3,207.8,208.3
2020-06-18T13:45,34,206.5,216.8,216.3,216.8,200.6,208.3,207.8,208.3
2020-06-22T10:30,34,208.5,218.8,218.3,218.8,201.6,209.3,208.8,209.3
2020-06-24T16:00,34,210.5,220.8,220.3,220.8,202.6,210.3,209.8,210.3
2020-07-06T14:30,34,212.5,222.8,222.3,222.8,203.6,211.3,210.8,211.3
2020-07-13T09:45,34,214.5,224.8,224.3,224.8,204.6,212.3,211.8,212.3
2020-11-02T15:00,34,212.5,222.8,222.3,222.8,202.6,210.3,209.8,210.3
2020-11-25T11:15,34,213.5,223.8,223.3,223.8,204.6,212.3,211.8,212.3
2020-12-11T18:00,34,214.5,229.8,225.0,224.8,206.6,219.3,214.5,214.3
2020-12-23T14:48,34,221.9,231.8,227.2,226.8,212.2,222.3,217.6,217.3
2021-01-01T13:30,34,224.5,234.4,229.8,229.4,214.6,224.7,220.0,219.7
2021-01-04T16:30,34,219.4,233.9,229.0,228.9,212.8,224.4,219.5,219.4
2021-01-08T09:00,34,219.4,234.9,229.9,229.9,212.8,224.4,219.4,219.4
2021-01-11T16:15,34,220.4,235.9,230.9,230.9,212.8,224.4,219.4,219.4
2021-01-13T15:00,34,222.3,237.8,232.8,232.8,214.2,225.8,220.8,220.8
2021-01-20T13:45,34,222.3,237.8,232.9,232.8,214.2,225.8,220.9,220.8
2021-01-20T14:00,34,224.3,239.8,234.8,234.8,215.2,226.8,221.8,221.8
2021-02-04T13:00,34,226.3,241.8,236.8,236.8,216.2,227.8,222.8,222.8
2021-02-09T15:15,34,228.3,243.8,238.8,238.8,218.2,229.8,224.8,224.8
2021-02-17T12:00,34,228.3,243.8,238.9,238.8,218.2,229.8,224.9,224.8
2021-02-17T12:15,34,229.9,245.4,240.4,240.4,220.2,231.8,226.8,226.8
2021-02-20T13:45,34,231.3,246.8,241.7,241.8,221.6,233.2,228.1,228.2
2021-02-25T08:15,34,232.3,247.8,242.7,242.8,221.6,233.2,228.2,228.2
2021-02-26T11:45,34,234.3,249.8,244.7,244.8,223.2,234.8,229.7,229.8
2021-02-26T12:15,34,234.3,249.8,244.7,244.8,223.2,234.8,229.8,229.8
2021-03-08T16:00,34,237.3,252.8,247.6,247.8,224.2,235.8,230.8,230.8
2021-03-12T10:15,34,237.3,252.8,247.7,247.8,226.2,237.8,232.8,232.8
2021-03-19T12:45,34,237.3,252.8,247.7,247.8,225.2,236.8,231.8,231.8
2021-03-22T11:45,34,236.3,251.8,246.7,246.8,223.2,234.8,229.9,229.8
2021-03-24T10:45,34,236.3,251.8,246.6,246.8,222.2,233.8,228.8,228.8
2021-03-24T14:00,34,236.3,251.8,246.7,246.8,222.2,233.8,228.8,228.8
2021-04-06T11:00,34,236.3,251.8,246.9,246.8,222.2,233.8,229.0,228.8
2021-04-08T00:45,29,236.3,251.8,246.6,246.8,222.2,233.8,228.6,228.8
2021-04-20T10:15,29,237.3,252.8,247.6,247.8,224.2,235.8,230.6,230.8
2021-04-26T12:00,29,237.3,252.8,247.5,247.8,222.2,233.8,228.6,228.8
2021-04-29T23:00,29,237.3,252.8,247.7,247.8,222.2,233.8,228.9,228.8
2021-06-04T17:30,29,237.3,252.8,247.7,247.8,225.2,236.8,231.9,231.8
2021-06-07T13:00,29,237.3,252.8,247.7,247.8,222.2,233.8,228.9,228.8
2021-06-14T15:30,29,237.3,252.8,247.7,247.8,223.2,234.8,229.9,229.8
2021-06-15T11:15,29,238.3,253.8,248.8,248.8,224.7,236.3,231.4,231.3
2021-06-21T12:00,29,240.3,255.8,250.8,250.8,225.7,237.3,232.4,232.3
2021-06-23T13:30,29,242.3,257.8,252.8,252.8,227.7,239.3,234.4,234.3
2021-06-28T15:15,29,244.3,259.8,254.8,254.8,229.7,241.3,236.4,236.3
2021-07-01T12:30,29,244.3,259.8,254.8,254.8,228.7,240.3,235.4,235.3
2021-07-06T16:30,29,246.3,261.8,256.8,256.8,229.7,241.3,236.4,236.3
2021-07-17T17:45,28,246.3,261.8,256.8,256.8,229.7,241.3,236.4,236.3
2021-07-21T10:00,28,245.3,260.8,255.8,255.8,228.7,240.3,235.4,235.3
2021-07-27T12:30,28,247.3,262.8,257.8,257.8,230.7,242.3,237.4,237.3
2021-08-06T12:00,28,248.3,263.8,258.8,258.8,230.7,242.3,237.4,237.3
2021-08-23T08:30,28,246.8,262.3,257.3,257.3,228.7,240.3,235.4,235.3
2021-09-01T20:30,28,246.8,262.3,257.3,257.3,229.7,241.3,236.4,236.3
2021-09-02T16:00,28,248.8,264.3,259.3,259.3,229.7,241.3,236.5,236.3
2021-09-03T10:00,28,248.8,264.3,259.3,259.3,230.7,242.3,237.5,237.3
2021-09-09T00:00,28,248.8,264.3,259.4,259.3,231.7,243.3,238.4,238.3
2021-09-13T16:00,28,249.8,265.3,260.4,260.3,232.2,243.8,239.0,238.8
2021-09-16T16:45,28,249.8,265.3,260.4,260.3,234.2,245.8,241.0,240.8
2021-09-21T15:00,28,249.8,265.3,260.4,260.3,235.2,246.8,241.9,241.8
2021-09-27T10:45,28,251.3,266.8,261.9,261.8,237.7,249.3,244.4,244.3
2021-09-29T18:15,28,251.3,266.8,261.9,261.8,238.7,250.3,245.4,245.3
2021-09-30T23:00,28,254.3,269.8,264.9,264.8,240.2,251.8,246.9,246.8
2021-10-05T09:45,28,256.3,271.8,266.9,266.8,243.2,254.8,249.9,249.8
2021-10-06T14:45,28,257.3,272.8,267.9,267.8,245.2,256.8,251.9,251.8
2021-10-11T12:00,28,259.3,274.8,269.9,269.8,246.2,257.8,252.9,252.8
2021-10-15T22:30,28,260.3,275.8,270.9,270.8,247.2,258.8,253.9,253.8
2021-10-19T10:15,28,262.3,277.8,272.9,272.8,249.2,260.8,255.9,255.8
2021-10-26T17:15,28,264.3,279.8,274.9,274.8,250.2,261.8,256.9,256.8
2021-11-22T09:45,28,262.3,277.8,272.9,272.8,249.2,260.8,255.9,255.8
2021-11-30T13:45,28,260.3,275.8,270.9,270.8,247.2,258.8,254.0,253.8
2021-12-16T11:15,28,259.3,274.8,269.9,269.8,247.2,258.8,254.0,253.8
2021-12-21T12:45,28,257.3,272.8,267.9,267.8,245.2,256.8,252.0,251.8
2021-12-22T09:45,28,258.9,272.8,267.9,267.8,245.2,256.8,251.9,251.8
2021-12-30T12:00,28,259.9,273.8,268.9,268.8,245.2,256.8,251.9,251.8
2022-01-01T13:00,28,262.6,276.5,271.6,271.5,247.6,259.2,254.3,254.2
2022-01-04T10:30,28,261.9,275.8,270.9,270.8,247.2,258.8,253.9,253.8
2022-01-16T18:45,28,263.9,277.8,272.9,272.8,249.2,260.8,255.9,255.8
2022-01-18T09:15,28,263.9,277.8,272.9,272.8,251.2,262.8,257.9,257.8
2022-01-20T10:15,28,264.9,278.8,273.9,273.8,253.2,264.8,259.9,259.8
2022-01-27T11:30,28,267.9,281.8,276.9,276.8,256.2,267.8,262.9,262.8
2022-01-31T13:00,28,269.9,283.8,278.9,278.8,258.2,269.8,264.9,264.8
2022-02-07T16:30,28,271.9,285.8,280.9,280.8,260.2,271.8,266.9,266.8
2022-02-14T11:30,28,272.9,286.8,281.9,281.8,260.2,271.8,266.9,266.8
2022-02-23T11:30,28,274.9,288.8,283.9,283.8,261.2,272.8,267.9,267.8
2022-02-25T13:30,28,276.9,290.8,285.9,285.8,263.2,274.8,269.9,269.8
2022-03-01T17:45,28,278.9,292.8,287.9,287.8,265.2,276.8,271.9,271.8
2022-03-03T15:45,28,278.9,292.8,287.9,287.8,268.2,279.8,274.9,274.8
2022-03-04T12:30,28,280.9,294.8,289.9,289.8,271.2,282.8,277.9,277.8
2022-03-07T13:00,28,283.9,297.8,292.9,292.8,277.2,288.8,283.9,283.8
2022-03-08T13:15,28,288.9,302.8,297.9,297.8,284.2,295.8,290.9,290.8
2022-03-09T10:45,28,294.9,308.8,303.9,303.8,294.2,305.8,300.9,300.8
2022-03-11T12:00,28,292.9,306.8,301.9,301.8,293.2,304.8,299.9,299.8
2022-03-16T12:00,28,290.9,304.8,299.9,299.8,291.2,302.8,297.9,297.8
2022-03-23T13:15,28,290.9,304.8,299.9,299.8,293.2,304.8,299.9,299.8
2022-03-24T15:30,28,292.9,306.8,301.9,301.8,294.2,305.8,300.9,300.8
2022-04-06T08:30,28,293.9,307.8,302.9,302.8,297.2,308.8,303.9,303.8
2022-04-27T15:00,28,295.9,309.8,304.9,304.8,299.2,310.8,305.9,305.8
2022-04-28T18:45,28,297.9,311.8,306.9,306.8,301.2,312.8,307.9,307.8
2022-04-29T18:45,28,299.9,313.8,308.9,308.8,303.2,314.8,309.9,309.8
2022-05-03T16:45,28,299.9,313.8,308.9,308.8,306.2,317.8,312.9,312.8
2022-05-09T13:15,28,301.9,315.8,310.9,310.8,308.2,319.8,314.9,314.8
2022-05-09T13:30,28,301.9,315.8,310.9,310.8,306.2,317.8,312.9,312.8
2022-05-16T13:30,28,304.9,318.8,313.9,313.8,306.2,317.8,312.9,312.8
2022-05-19T18:00,28,306.9,320.8,315.9,315.8,306.2,317.8,312.9,312.8
2022-05-25T13:45,28,308.9,322.8,317.9,317.8,306.2,317.8,312.9,312.8
2022-05-27T12:15,28,311.9,325.8,320.9,320.8,307.2,318.8,313.9,313.8
2022-05-31T12:30,28,314.9,328.8,323.9,323.8,309.2,320.8,315.9,315.8
2022-06-02T11:00,28,316.9,330.8,325.9,325.8,309.2,320.8,315.9,315.8
2022-06-03T14:30,28,319.9,333.8,328.9,328.8,312.2,323.8,318.9,318.8
2022-06-07T12:15,28,323.9,337.8,332.9,332.8,316.2,327.8,322.9,322.8
2022-06-09T16:45,28,337.6,351.5,346.6,346.5,329.9,341.5,336.6,336.5
2022-06-10T08:15,28,326.9,340.8,335.9,335.8,318.2,329.8,324.9,324.8
2022-06-10T10:15,28,336.0,349.9,345.0,344.9,328.3,339.9,335.0,334.9
2022-06-14T16:00,28,343.0,356.9,352.0,351.9,332.3,343.9,339.0,338.9
2022-06-16T13:30,28,343.0,356.9,352.0,351.9,336.3,347.9,343.0,342.9
2022-06-24T09:15,28,343.0,356.9,352.0,351.9,340.0,351.6,346.7,346.6
2022-06-24T12:15,28,343.0,356.9,352.0,351.9,339.3,350.9,346.0,345.9
2022-07-06T18:00,28,340.5,354.4,349.5,349.4,336.8,348.4,343.5,343.4
2022-07-07T15:30,28,338.9,352.8,347.9,347.8,335.2,346.8,341.9,341.8
2022-07-14T13:00,28,335.9,349.8,344.9,344.8,334.2,345.8,340.9,340.8
2022-07-21T11:45,28,334.2,348.1,343.2,343.1,331.2,342.8,337.9,337.8
2022-08-02T14:30,28,331.2,345.1,340.2,340.1,327.2,338.8,333.9,333.8
2022-08-05T13:30,28,328.2,342.1,337.2,337.1,325.2,336.8,331.9,331.8
2022-08-09T16:45,28,328.2,342.1,337.2,337.1,323.2,334.8,329.9,329.8
2022-08-15T13:15,28,325.2,339.1,334.2,334.1,322.2,333.8,328.9,328.8
2022-08-16T09:30,28,325.2,339.1,334.2,334.1,320.2,331.8,326.9,326.8
2022-08-20T20:15,27,324.7,338.6,333.7,333.6,320.2,331.8,326.9,326.8
2022-08-24T12:45,27,322.2,336.1,331.2,331.1,320.2,331.8,326.9,326.8
2022-08-26T12:30,27,322.2,336.1,331.2,331.1,322.2,333.8,328.9,328.8
2022-09-01T13:15,27,319.2,333.1,328.2,328.1,322.2,333.8,328.9,328.8
2022-09-14T17:15,25,317.2,331.1,326.0,326.1,322.2,333.8,328.7,328.8
2022-09-16T20:30,22,317.2,331.1,325.7,326.1,320.2,331.8,326.4,326.8
2022-09-19T14:30,22,317.2,331.1,325.7,326.1,318.2,329.8,324.4,324.8
2022-09-21T09:45,22,317.2,331.1,325.7,326.1,317.2,328.8,323.4,323.8
2022-09-26T14:45,22,316.2,330.1,324.7,325.1,316.2,327.8,322.4,322.8
2022-09-27T13:15,22,316.2,330.1,324.7,325.1,315.2,326.8,321.4,321.8
2022-10-05T17:45,22,319.2,333.1,327.7,328.1,318.2,329.8,324.4,324.8
2022-10-10T13:30,22,322.2,336.1,330.7,331.1,322.2,333.8,328.4,328.8
2022-10-26T13:45,22,322.2,336.1,330.7,331.1,324.2,335.8,330.4,330.8
2022-10-27T09:00,22,322.2,336.1,330.7,331.1,326.2,337.8,332.4,332.8
2022-11-05T15:30,22,324.2,338.1,332.7,333.1,328.2,339.8,334.4,334.8
2022-11-07T14:30,22,324.2,338.1,332.7,333.1,330.2,341.8,336.4,336.8
2022-11-24T14:45,22,324.2,338.1,332.7,333.1,328.2,339.8,334.4,334.8
2022-11-28T17:15,22,320.2,334.1,328.7,329.1,328.2,339.8,334.4,334.8
2022-11-29T11:00,22,320.2,334.1,328.7,329.1,327.2,338.8,333.4,333.8
2022-12-07T14:30,22,318.2,332.1,326.7,327.1,325.2,336.8,331.4,331.8
2023-01-01T00:15,22,326.8,340.7,335.2,335.7,332.8,344.4,339.0,339.4
2023-01-03T10:45,22,322.8,336.7,331.2,331.7,331.6,343.2,337.8,338.2
2023-01-06T11:45,22,320.7,334.6,329.2,329.6,329.5,341.1,335.7,336.1
2023-02-03T14:00,22,320.7,334.6,329.2,329.6,327.5,339.1,333.7,334.1
2023-02-06T13:00,22,320.7,334.6,329.2,329.6,325.5,337.1,331.7,332.1
2023-03-14T14:45,22,320.7,334.6,329.2,329.6,323.5,335.1,329.7,330.1
2023-03-16T14:30,22,318.7,332.6,327.2,327.6,321.5,333.1,327.7,328.1
2023-04-13T15:45,22,315.7,329.6,324.2,324.6,317.5,329.1,323.7,324.1
2023-04-23T23:45,22,312.7,326.6,321.2,321.6,311.5,323.1,317.7,318.1
2023-05-03T22:15,22,312.7,326.6,321.2,321.6,309.5,321.1,315.7,316.1
2023-05-09T12:00,22,310.7,324.6,319.2,319.6,307.5,319.1,313.7,314.1
2023-05-10T12:00,22,310.7,324.6,319.2,319.6,306.5,318.1,312.7,313.1
2023-05-17T16:30,21,309.9,323.8,318.3,318.8,306.5,318.1,312.6,313.1
2023-06-09T21:45,20,309.9,323.8,318.3,318.8,306.5,318.1,312.6,313.1
2023-06-16T13:32,20,307.9,321.8,316.3,316.8,304.5,316.1,310.6,311.1
2023-06-25T20:00,20,305.9,319.8,314.3,314.8,304.5,316.1,310.6,311.1
2023-08-01T09:45,20,307.9,321.8,316.3,316.8,306.5,318.1,312.6,313.1
2023-08-04T13:00,20,305.9,319.8,314.3,314.8,304.5,316.1,310.6,311.1
2023-08-15T11:30,20,307.9,321.8,316.3,316.8,304.5,316.1,310.6,311.1
2023-08-22T17:00,20,309.9,323.8,318.3,318.8,306.5,318.1,312.6,313.1
2023-08-29T11:30,20,310.9,324.8,319.3,319.8,307.5,319.1,313.6,314.1
2023-09-11T21:00,20,313.9,327.8,322.3,322.8,309.5,321.1,315.6,316.1
2023-09-12T15:15,20,315.9,329.8,324.3,324.8,311.5,323.1,317.6,318.1
2023-09-18T13:00,20,317.9,331.8,326.3,326.8,314.5,326.1,320.6,321.1
2023-09-25T10:45,20,319.9,333.8,328.3,328.8,316.5,328.1,322.6,323.1
2023-10-06T12:15,20,317.9,331.8,326.3,326.8,315.5,327.1,321.6,322.1
2023-10-15T23:15,20,317.9,331.8,326.3,326.8,317.5,329.1,323.6,324.1
2023-10-17T11:45,20,317.9,331.8,326.3,326.8,320.5,332.1,326.6,327.1
2023-10-19T11:30,20,317.9,331.8,326.3,326.8,322.5,334.1,328.6,329.1
2023-10-24T15:30,20,317.9,331.8,326.3,326.8,320.5,332.1,326.6,327.1
2023-11-12T20:30,20,315.9,329.8,324.3,324.8,320.5,332.1,326.6,327.1
2023-11-17T19:45,20,314.9,328.8,323.3,323.8,320.5,332.1,326.6,327.1
2023-11-27T16:30,20,313.9,327.8,322.3,322.8,320.5,332.1,326.6,327.1
2023-11-29T08:00,20,312.9,326.8,321.3,321.8,319.5,331.1,325.6,326.1
2023-12-05T09:15,20,312.9,326.8,321.3,321.8,317.5,329.1,323.6,324.1
2023-12-07T16:15,20,312.9,326.8,321.3,321.8,316.5,328.1,322.6,323.1
2023-12-14T12:30,20,311.9,325.8,320.3,320.8,315.5,327.1,321.6,322.1
2024-01-01T17:45,20,316.1,330.0,324.5,325.0,319.2,330.8,325.3,325.8
2024-01-30T15:00,20,316.1,330.0,324.5,325.0,321.2,332.8,327.3,327.8
2024-02-10T09:30,20,316.1,330.0,324.5,325.0,323.2,334.8,329.3,329.8
2024-03-13T08:45,20,314.1,328.0,322.5,323.0,323.2,334.8,329.3,329.8
2024-04-04T15:00,20,316.1,330.0,324.5,325.0,324.2,335.8,330.3,330.8
2024-04-29T23:30,20,317.1,331.0,325.5,326.0,323.2,334.8,329.3,329.8
2024-05-07T09:00,20,317.1,331.0,325.5,326.0,322.2,333.8,328.3,328.8
2024-05-14T14:30,20,316.1,330.0,324.5,325.0,321.2,332.8,327.3,327.8
2024-05-14T15:15,20,316.1,330.0,324.5,325.0,320.2,331.8,326.3,326.8
2024-05-29T10:30,20,316.1,330.0,324.5,325.0,318.2,329.8,324.3,324.8
2024-05-31T06:15,19,316.1,330.0,324.7,325.0,318.2,329.8,324.6,324.8
2024-06-05T23:15,20,316.1,330.0,324.6,325.0,318.2,329.8,324.4,324.8
2024-06-06T08:45,20,315.1,329.0,323.6,324.0,316.2,327.8,322.4,322.8
2024-06-06T10:45,20,315.1,329.0,323.6,324.0,316.2,327.8,322.3,322.8
